   0.0000000000000000e+00   0.0000000000000000e+00   0.0000000000000000e+00   0.0000000000000000e+00   0.0000000000000000e+00   0.0000000000000000e+00   0.0000000000000000e+00
   5.0149997696280479e-03   0.0000000000000000e+00   0.0000000000000000e+00   0.0000000000000000e+00   0.0000000000000000e+00   0.0000000000000000e+00   0.0000000000000000e+00
   1.0006999596953392e-02   0.0000000000000000e+00   0.0000000000000000e+00   0.0000000000000000e+00   0.0000000000000000e+00   0.0000000000000000e+00   0.0000000000000000e+00
   1.5987999737262726e-02   0.0000000000000000e+00   0.0000000000000000e+00   0.0000000000000000e+00   0.0000000000000000e+00   0.0000000000000000e+00   0.0000000000000000e+00
   2.0980000495910645e-02   0.0000000000000000e+00   0.0000000000000000e+00   0.0000000000000000e+00   0.0000000000000000e+00   0.0000000000000000e+00   0.0000000000000000e+00
   2.5932999327778816e-02   0.0000000000000000e+00   0.0000000000000000e+00   0.0000000000000000e+00   0.0000000000000000e+00   0.0000000000000000e+00   0.0000000000000000e+00
   3.0950000509619713e-02   0.0000000000000000e+00   0.0000000000000000e+00   0.0000000000000000e+00   0.0000000000000000e+00   0.0000000000000000e+00   0.0000000000000000e+00
   3.5937000066041946e-02   0.0000000000000000e+00   0.0000000000000000e+00   0.0000000000000000e+00   0.0000000000000000e+00   0.0000000000000000e+00   0.0000000000000000e+00
   4.0890999138355255e-02   0.0000000000000000e+00   0.0000000000000000e+00   0.0000000000000000e+00   0.0000000000000000e+00   0.0000000000000000e+00   0.0000000000000000e+00
   4.5894000679254532e-02   0.0000000000000000e+00   0.0000000000000000e+00   0.0000000000000000e+00   0.0000000000000000e+00   0.0000000000000000e+00   0.0000000000000000e+00
   5.0898998975753784e-02   0.0000000000000000e+00   0.0000000000000000e+00   0.0000000000000000e+00   0.0000000000000000e+00   0.0000000000000000e+00   0.0000000000000000e+00
   5.5883001536130905e-02   0.0000000000000000e+00   0.0000000000000000e+00   0.0000000000000000e+00   0.0000000000000000e+00   0.0000000000000000e+00   0.0000000000000000e+00
   6.0864999890327454e-02   0.0000000000000000e+00   0.0000000000000000e+00   0.0000000000000000e+00   0.0000000000000000e+00   0.0000000000000000e+00   0.0000000000000000e+00
   6.5857000648975372e-02   0.0000000000000000e+00   0.0000000000000000e+00   0.0000000000000000e+00   0.0000000000000000e+00   0.0000000000000000e+00   0.0000000000000000e+00
   7.0844002068042755e-02   0.0000000000000000e+00   0.0000000000000000e+00   0.0000000000000000e+00   0.0000000000000000e+00   0.0000000000000000e+00   0.0000000000000000e+00
   7.5797997415065765e-02   0.0000000000000000e+00   0.0000000000000000e+00   0.0000000000000000e+00   0.0000000000000000e+00   0.0000000000000000e+00   0.0000000000000000e+00
   8.0816999077796936e-02   0.0000000000000000e+00   0.0000000000000000e+00   0.0000000000000000e+00   0.0000000000000000e+00   0.0000000000000000e+00   0.0000000000000000e+00
   8.5803002119064331e-02   0.0000000000000000e+00   0.0000000000000000e+00   0.0000000000000000e+00   0.0000000000000000e+00   0.0000000000000000e+00   0.0000000000000000e+00
   9.0761996805667877e-02   0.0000000000000000e+00   0.0000000000000000e+00   0.0000000000000000e+00   0.0000000000000000e+00   0.0000000000000000e+00   0.0000000000000000e+00
   9.5775000751018524e-02   0.0000000000000000e+00   0.0000000000000000e+00   0.0000000000000000e+00   0.0000000000000000e+00   0.0000000000000000e+00   0.0000000000000000e+00
   1.0075899958610535e-01   0.0000000000000000e+00   0.0000000000000000e+00   0.0000000000000000e+00   0.0000000000000000e+00   0.0000000000000000e+00   0.0000000000000000e+00
   1.0575100034475327e-01   0.0000000000000000e+00   0.0000000000000000e+00   0.0000000000000000e+00   0.0000000000000000e+00   0.0000000000000000e+00   0.0000000000000000e+00
   1.1073199659585953e-01   0.0000000000000000e+00   0.0000000000000000e+00   0.0000000000000000e+00   0.0000000000000000e+00   0.0000000000000000e+00   0.0000000000000000e+00
   1.1572600156068802e-01   0.0000000000000000e+00   0.0000000000000000e+00   0.0000000000000000e+00   0.0000000000000000e+00   0.0000000000000000e+00   0.0000000000000000e+00
   1.2071099877357483e-01   0.0000000000000000e+00   0.0000000000000000e+00   0.0000000000000000e+00   0.0000000000000000e+00   0.0000000000000000e+00   0.0000000000000000e+00
   1.2566499412059784e-01   0.0000000000000000e+00   0.0000000000000000e+00   0.0000000000000000e+00   0.0000000000000000e+00   0.0000000000000000e+00   0.0000000000000000e+00
   1.3068599998950958e-01   0.0000000000000000e+00   0.0000000000000000e+00   0.0000000000000000e+00   0.0000000000000000e+00   0.0000000000000000e+00   0.0000000000000000e+00
   1.3566799461841583e-01   0.0000000000000000e+00   0.0000000000000000e+00   0.0000000000000000e+00   0.0000000000000000e+00   0.0000000000000000e+00   0.0000000000000000e+00
   1.4062599837779999e-01   0.0000000000000000e+00   0.0000000000000000e+00   0.0000000000000000e+00   0.0000000000000000e+00   0.0000000000000000e+00   0.0000000000000000e+00
   1.4563900232315063e-01   0.0000000000000000e+00   0.0000000000000000e+00   0.0000000000000000e+00   0.0000000000000000e+00   0.0000000000000000e+00   0.0000000000000000e+00
   1.5062499046325684e-01   0.0000000000000000e+00   0.0000000000000000e+00   0.0000000000000000e+00   0.0000000000000000e+00   0.0000000000000000e+00   0.0000000000000000e+00
   1.5561699867248535e-01   0.0000000000000000e+00   0.0000000000000000e+00   0.0000000000000000e+00   0.0000000000000000e+00   0.0000000000000000e+00   0.0000000000000000e+00
   1.6060499846935272e-01   0.0000000000000000e+00   0.0000000000000000e+00   0.0000000000000000e+00   0.0000000000000000e+00   0.0000000000000000e+00   0.0000000000000000e+00
   1.6559699177742004e-01   0.0000000000000000e+00   0.0000000000000000e+00   0.0000000000000000e+00   0.0000000000000000e+00   0.0000000000000000e+00   0.0000000000000000e+00
   1.7057600617408752e-01   0.0000000000000000e+00   0.0000000000000000e+00   0.0000000000000000e+00   0.0000000000000000e+00   0.0000000000000000e+00   0.0000000000000000e+00
   1.7554898560047150e-01   0.0000000000000000e+00   0.0000000000000000e+00   0.0000000000000000e+00   0.0000000000000000e+00   0.0000000000000000e+00   0.0000000000000000e+00
   1.8051800131797791e-01   0.0000000000000000e+00   0.0000000000000000e+00   0.0000000000000000e+00   0.0000000000000000e+00   0.0000000000000000e+00   0.0000000000000000e+00
   1.8553699553012848e-01   0.0000000000000000e+00   0.0000000000000000e+00   0.0000000000000000e+00   0.0000000000000000e+00   0.0000000000000000e+00   0.0000000000000000e+00
   1.9049200415611267e-01   0.0000000000000000e+00   0.0000000000000000e+00   0.0000000000000000e+00   0.0000000000000000e+00   0.0000000000000000e+00   0.0000000000000000e+00
   1.9550399482250214e-01   0.0000000000000000e+00   0.0000000000000000e+00   0.0000000000000000e+00   0.0000000000000000e+00   0.0000000000000000e+00   0.0000000000000000e+00
   2.0049299299716949e-01   0.0000000000000000e+00   0.0000000000000000e+00   0.0000000000000000e+00   0.0000000000000000e+00   0.0000000000000000e+00   0.0000000000000000e+00
   2.0548300445079803e-01   0.0000000000000000e+00   0.0000000000000000e+00   0.0000000000000000e+00   0.0000000000000000e+00   0.0000000000000000e+00   0.0000000000000000e+00
   2.1047399938106537e-01   0.0000000000000000e+00   0.0000000000000000e+00   0.0000000000000000e+00   0.0000000000000000e+00   0.0000000000000000e+00   0.0000000000000000e+00
   2.1546199917793274e-01   0.0000000000000000e+00   0.0000000000000000e+00   0.0000000000000000e+00   0.0000000000000000e+00   0.0000000000000000e+00   0.0000000000000000e+00
   2.2044499218463898e-01   0.0000000000000000e+00   0.0000000000000000e+00   0.0000000000000000e+00   0.0000000000000000e+00   0.0000000000000000e+00   0.0000000000000000e+00
   2.2539900243282318e-01   0.0000000000000000e+00   0.0000000000000000e+00   0.0000000000000000e+00   0.0000000000000000e+00   0.0000000000000000e+00   0.0000000000000000e+00
   2.3041699826717377e-01   0.0000000000000000e+00   0.0000000000000000e+00   0.0000000000000000e+00   0.0000000000000000e+00   0.0000000000000000e+00   0.0000000000000000e+00
   2.3540399968624115e-01   0.0000000000000000e+00   0.0000000000000000e+00   0.0000000000000000e+00   0.0000000000000000e+00   0.0000000000000000e+00   0.0000000000000000e+00
   2.4035799503326416e-01   0.0000000000000000e+00   0.0000000000000000e+00   0.0000000000000000e+00   0.0000000000000000e+00   0.0000000000000000e+00   0.0000000000000000e+00
   2.4537698924541473e-01   0.0000000000000000e+00   0.0000000000000000e+00   0.0000000000000000e+00   0.0000000000000000e+00   0.0000000000000000e+00   0.0000000000000000e+00
   2.5036600232124329e-01   0.0000000000000000e+00   0.0000000000000000e+00   0.0000000000000000e+00   0.0000000000000000e+00   0.0000000000000000e+00   0.0000000000000000e+00
   2.5531798601150513e-01   0.0000000000000000e+00   0.0000000000000000e+00   0.0000000000000000e+00   0.0000000000000000e+00   0.0000000000000000e+00   0.0000000000000000e+00
   2.6033198833465576e-01   0.0000000000000000e+00   0.0000000000000000e+00   0.0000000000000000e+00   0.0000000000000000e+00   0.0000000000000000e+00   0.0000000000000000e+00
   2.6532301306724548e-01   0.0000000000000000e+00   0.0000000000000000e+00   0.0000000000000000e+00   0.0000000000000000e+00   0.0000000000000000e+00   0.0000000000000000e+00
   2.7031001448631287e-01   0.0000000000000000e+00   0.0000000000000000e+00   0.0000000000000000e+00   0.0000000000000000e+00   0.0000000000000000e+00   0.0000000000000000e+00
   2.7526497840881348e-01   0.0000000000000000e+00   0.0000000000000000e+00   0.0000000000000000e+00   0.0000000000000000e+00   0.0000000000000000e+00   0.0000000000000000e+00
   2.8025200963020325e-01   0.0000000000000000e+00   0.0000000000000000e+00   0.0000000000000000e+00   0.0000000000000000e+00   0.0000000000000000e+00   0.0000000000000000e+00
   2.8527000546455383e-01   0.0000000000000000e+00   0.0000000000000000e+00   0.0000000000000000e+00   0.0000000000000000e+00   0.0000000000000000e+00   0.0000000000000000e+00
   2.9022499918937683e-01   0.0000000000000000e+00   0.0000000000000000e+00   0.0000000000000000e+00   0.0000000000000000e+00   0.0000000000000000e+00   0.0000000000000000e+00
   2.9524001479148865e-01   0.0000000000000000e+00   0.0000000000000000e+00   0.0000000000000000e+00   0.0000000000000000e+00   0.0000000000000000e+00   0.0000000000000000e+00
   3.0024001002311707e-01   0.0000000000000000e+00   0.0000000000000000e+00   0.0000000000000000e+00   0.0000000000000000e+00   0.0000000000000000e+00   0.0000000000000000e+00
   3.0521601438522339e-01   0.0000000000000000e+00   0.0000000000000000e+00   0.0000000000000000e+00   0.0000000000000000e+00   0.0000000000000000e+00   0.0000000000000000e+00
   3.1017199158668518e-01   0.0000000000000000e+00   0.0000000000000000e+00   0.0000000000000000e+00   0.0000000000000000e+00   0.0000000000000000e+00   0.0000000000000000e+00
   3.1518900394439697e-01   0.0000000000000000e+00   0.0000000000000000e+00   0.0000000000000000e+00   0.0000000000000000e+00   0.0000000000000000e+00   0.0000000000000000e+00
   3.2017600536346436e-01   0.0000000000000000e+00   0.0000000000000000e+00   0.0000000000000000e+00   0.0000000000000000e+00   0.0000000000000000e+00   0.0000000000000000e+00
   3.2513099908828735e-01   0.0000000000000000e+00   0.0000000000000000e+00   0.0000000000000000e+00   0.0000000000000000e+00   0.0000000000000000e+00   0.0000000000000000e+00
   3.3012899756431580e-01   0.0000000000000000e+00   0.0000000000000000e+00   0.0000000000000000e+00   0.0000000000000000e+00   0.0000000000000000e+00   0.0000000000000000e+00
   3.3513402938842773e-01   0.0000000000000000e+00   0.0000000000000000e+00   0.0000000000000000e+00   0.0000000000000000e+00   0.0000000000000000e+00   0.0000000000000000e+00
   3.4009101986885071e-01   0.0000000000000000e+00   0.0000000000000000e+00   0.0000000000000000e+00   0.0000000000000000e+00   0.0000000000000000e+00   0.0000000000000000e+00
   3.4511002898216248e-01   0.0000000000000000e+00   0.0000000000000000e+00   0.0000000000000000e+00   0.0000000000000000e+00   0.0000000000000000e+00   0.0000000000000000e+00
   3.5009598731994629e-01   0.0000000000000000e+00   0.0000000000000000e+00   0.0000000000000000e+00   0.0000000000000000e+00   0.0000000000000000e+00   0.0000000000000000e+00
   3.5508301854133606e-01   0.0000000000000000e+00   0.0000000000000000e+00   0.0000000000000000e+00   0.0000000000000000e+00   0.0000000000000000e+00   0.0000000000000000e+00
   3.6006098985671997e-01   0.0000000000000000e+00   0.0000000000000000e+00   0.0000000000000000e+00   0.0000000000000000e+00   0.0000000000000000e+00   0.0000000000000000e+00
   3.6505699157714844e-01   0.0000000000000000e+00   0.0000000000000000e+00   0.0000000000000000e+00   0.0000000000000000e+00   0.0000000000000000e+00   0.0000000000000000e+00
   3.7004601955413818e-01   0.0000000000000000e+00   0.0000000000000000e+00   0.0000000000000000e+00   0.0000000000000000e+00   0.0000000000000000e+00   0.0000000000000000e+00
   3.7599900364875793e-01   0.0000000000000000e+00   0.0000000000000000e+00   0.0000000000000000e+00   0.0000000000000000e+00   0.0000000000000000e+00   0.0000000000000000e+00
   3.8101401925086975e-01   0.0000000000000000e+00   0.0000000000000000e+00   0.0000000000000000e+00   0.0000000000000000e+00   0.0000000000000000e+00   0.0000000000000000e+00
   3.8500401377677917e-01   0.0000000000000000e+00   0.0000000000000000e+00   0.0000000000000000e+00   0.0000000000000000e+00   0.0000000000000000e+00   0.0000000000000000e+00
   3.9096400141716003e-01   0.0000000000000000e+00   0.0000000000000000e+00   0.0000000000000000e+00   0.0000000000000000e+00   0.0000000000000000e+00   0.0000000000000000e+00
   3.9596900343894958e-01   0.0000000000000000e+00   0.0000000000000000e+00   0.0000000000000000e+00   0.0000000000000000e+00   0.0000000000000000e+00   0.0000000000000000e+00
   4.0095600485801697e-01   0.0000000000000000e+00   0.0000000000000000e+00   0.0000000000000000e+00   0.0000000000000000e+00   0.0000000000000000e+00   0.0000000000000000e+00
   4.0594801306724548e-01   0.0000000000000000e+00   0.0000000000000000e+00   0.0000000000000000e+00   0.0000000000000000e+00   0.0000000000000000e+00   0.0000000000000000e+00
   4.1092899441719055e-01   0.0000000000000000e+00   0.0000000000000000e+00   0.0000000000000000e+00   0.0000000000000000e+00   0.0000000000000000e+00   0.0000000000000000e+00
   4.1592299938201904e-01   0.0000000000000000e+00   0.0000000000000000e+00   0.0000000000000000e+00   0.0000000000000000e+00   0.0000000000000000e+00   0.0000000000000000e+00
   4.2090800404548645e-01   0.0000000000000000e+00   0.0000000000000000e+00   0.0000000000000000e+00   0.0000000000000000e+00   0.0000000000000000e+00   0.0000000000000000e+00
   4.2591801285743713e-01   0.0000000000000000e+00   0.0000000000000000e+00   0.0000000000000000e+00   0.0000000000000000e+00   0.0000000000000000e+00   0.0000000000000000e+00
   4.3087899684906006e-01   0.0000000000000000e+00   0.0000000000000000e+00   0.0000000000000000e+00   0.0000000000000000e+00   0.0000000000000000e+00   0.0000000000000000e+00
   4.3587002158164978e-01   0.0000000000000000e+00   0.0000000000000000e+00   0.0000000000000000e+00   0.0000000000000000e+00   0.0000000000000000e+00   0.0000000000000000e+00
   4.4082799553871155e-01   0.0000000000000000e+00   0.0000000000000000e+00   0.0000000000000000e+00   0.0000000000000000e+00   0.0000000000000000e+00   0.0000000000000000e+00
   4.4584098458290100e-01   0.0000000000000000e+00   0.0000000000000000e+00   0.0000000000000000e+00   0.0000000000000000e+00   0.0000000000000000e+00   0.0000000000000000e+00
   4.5082798600196838e-01   0.0000000000000000e+00   0.0000000000000000e+00   0.0000000000000000e+00   0.0000000000000000e+00   0.0000000000000000e+00   0.0000000000000000e+00
   4.5581501722335815e-01   0.0000000000000000e+00   0.0000000000000000e+00   0.0000000000000000e+00   0.0000000000000000e+00   0.0000000000000000e+00   0.0000000000000000e+00
   4.6079599857330322e-01   0.0000000000000000e+00   0.0000000000000000e+00   0.0000000000000000e+00   0.0000000000000000e+00   0.0000000000000000e+00   0.0000000000000000e+00
   4.6579000353813171e-01   0.0000000000000000e+00   0.0000000000000000e+00   0.0000000000000000e+00   0.0000000000000000e+00   0.0000000000000000e+00   0.0000000000000000e+00
   4.7074300050735474e-01   0.0000000000000000e+00   0.0000000000000000e+00   0.0000000000000000e+00   0.0000000000000000e+00   0.0000000000000000e+00   0.0000000000000000e+00
   4.7572997212409973e-01   0.0000000000000000e+00   0.0000000000000000e+00   0.0000000000000000e+00   0.0000000000000000e+00   0.0000000000000000e+00   0.0000000000000000e+00
   4.8081299662590027e-01   1.0000000000000000e+01   1.0000000000000000e+00   0.0000000000000000e+00   1.0000000000000000e+01   1.0000000000000000e+00   0.0000000000000000e+00
   4.8579800128936768e-01   1.0000000000000000e+01   1.0000000000000000e+00   0.0000000000000000e+00   1.0000000000000000e+01   1.0000000000000000e+00   0.0000000000000000e+00
   4.9063298106193542e-01   1.0000000000000000e+01   1.0000000000000000e+00   0.0000000000000000e+00   1.0000000000000000e+01   1.0000000000000000e+00   0.0000000000000000e+00
   4.9565100669860840e-01   1.0000000000000000e+01   5.0000000000000000e-01   0.0000000000000000e+00   1.0000000000000000e+01   5.0000000000000000e-01   0.0000000000000000e+00
   5.0064098834991455e-01   1.0000000000000000e+01   5.0000000000000000e-01   0.0000000000000000e+00   1.0000000000000000e+01   5.0000000000000000e-01   0.0000000000000000e+00
   5.0566101074218750e-01   1.0000000000000000e+01   5.0000000000000000e-01   0.0000000000000000e+00   1.0000000000000000e+01   5.0000000000000000e-01   0.0000000000000000e+00
   5.1103597879409790e-01   1.0000000000000000e+01   5.0000000000000000e-01   0.0000000000000000e+00   1.0000000000000000e+01   5.0000000000000000e-01   0.0000000000000000e+00
   5.1506596803665161e-01   1.0000000000000000e+01   5.0000000000000000e-01   0.0000000000000000e+00   1.0000000000000000e+01   5.0000000000000000e-01   0.0000000000000000e+00
   5.2004599571228027e-01   1.0000000000000000e+01   5.0000000000000000e-01   0.0000000000000000e+00   1.0000000000000000e+01   5.0000000000000000e-01   0.0000000000000000e+00
   5.2512401342391968e-01   1.0000000000000000e+01   5.0000000000000000e-01   0.0000000000000000e+00   1.0000000000000000e+01   5.0000000000000000e-01   0.0000000000000000e+00
   5.3002595901489258e-01   1.0000000000000000e+01   5.0000000000000000e-01   0.0000000000000000e+00   1.0000000000000000e+01   5.0000000000000000e-01   0.0000000000000000e+00
   5.3567296266555786e-01   1.0000000000000000e+01   5.0000000000000000e-01   0.0000000000000000e+00   1.0000000000000000e+01   5.0000000000000000e-01   0.0000000000000000e+00
   5.4065704345703125e-01   1.0000000000000000e+01   5.0000000000000000e-01   0.0000000000000000e+00   1.0000000000000000e+01   5.0000000000000000e-01   0.0000000000000000e+00
   5.4564601182937622e-01   1.0000000000000000e+01   5.0000000000000000e-01   0.0000000000000000e+00   1.0000000000000000e+01   5.0000000000000000e-01   0.0000000000000000e+00
   5.5063199996948242e-01   1.0000000000000000e+01   5.0000000000000000e-01   0.0000000000000000e+00   1.0000000000000000e+01   5.0000000000000000e-01   0.0000000000000000e+00
   5.5561900138854980e-01   1.0000000000000000e+01   5.0000000000000000e-01   0.0000000000000000e+00   1.0000000000000000e+01   5.0000000000000000e-01   0.0000000000000000e+00
   5.6059998273849487e-01   1.0000000000000000e+01   5.0000000000000000e-01   0.0000000000000000e+00   1.0000000000000000e+01   5.0000000000000000e-01   0.0000000000000000e+00
   5.6559896469116211e-01   1.0000000000000000e+01   5.0000000000000000e-01   0.0000000000000000e+00   1.0000000000000000e+01   5.0000000000000000e-01   0.0000000000000000e+00
   5.7058596611022949e-01   1.0000000000000000e+01   5.0000000000000000e-01   0.0000000000000000e+00   1.0000000000000000e+01   5.0000000000000000e-01   0.0000000000000000e+00
   5.7553499937057495e-01   1.0000000000000000e+01   5.0000000000000000e-01   0.0000000000000000e+00   1.0000000000000000e+01   5.0000000000000000e-01   0.0000000000000000e+00
   5.8051997423171997e-01   1.0000000000000000e+01   5.0000000000000000e-01   0.0000000000000000e+00   1.0000000000000000e+01   5.0000000000000000e-01   0.0000000000000000e+00
   5.8554595708847046e-01   1.0000000000000000e+01   5.0000000000000000e-01   0.0000000000000000e+00   1.0000000000000000e+01   5.0000000000000000e-01   0.0000000000000000e+00
   5.9049999713897705e-01   1.0000000000000000e+01   5.0000000000000000e-01   0.0000000000000000e+00   1.0000000000000000e+01   5.0000000000000000e-01   0.0000000000000000e+00
   5.9551304578781128e-01   1.0000000000000000e+01   5.0000000000000000e-01   0.0000000000000000e+00   1.0000000000000000e+01   5.0000000000000000e-01   0.0000000000000000e+00
   6.0046702623367310e-01   1.0000000000000000e+01   5.0000000000000000e-01   0.0000000000000000e+00   1.0000000000000000e+01   5.0000000000000000e-01   0.0000000000000000e+00
   6.0549300909042358e-01   1.0000000000000000e+01   5.0000000000000000e-01   0.0000000000000000e+00   1.0000000000000000e+01   5.0000000000000000e-01   0.0000000000000000e+00
   6.1046797037124634e-01   1.0000000000000000e+01   5.0000000000000000e-01   0.0000000000000000e+00   1.0000000000000000e+01   5.0000000000000000e-01   0.0000000000000000e+00
   6.1545997858047485e-01   1.0000000000000000e+01   5.0000000000000000e-01   0.0000000000000000e+00   1.0000000000000000e+01   5.0000000000000000e-01   0.0000000000000000e+00
   6.2044501304626465e-01   1.0000000000000000e+01   5.0000000000000000e-01   0.0000000000000000e+00   1.0000000000000000e+01   5.0000000000000000e-01   0.0000000000000000e+00
   6.2540602684020996e-01   1.0000000000000000e+01   5.0000000000000000e-01   0.0000000000000000e+00   1.0000000000000000e+01   5.0000000000000000e-01   0.0000000000000000e+00
   6.3038599491119385e-01   1.0000000000000000e+01   5.0000000000000000e-01   0.0000000000000000e+00   1.0000000000000000e+01   5.0000000000000000e-01   0.0000000000000000e+00
   6.3540601730346680e-01   1.0000000000000000e+01   5.0000000000000000e-01   0.0000000000000000e+00   1.0000000000000000e+01   5.0000000000000000e-01   0.0000000000000000e+00
   6.4037001132965088e-01   1.0000000000000000e+01   5.0000000000000000e-01   0.0000000000000000e+00   1.0000000000000000e+01   5.0000000000000000e-01   0.0000000000000000e+00
   6.4537400007247925e-01   1.0000000000000000e+01   5.0000000000000000e-01   0.0000000000000000e+00   1.0000000000000000e+01   5.0000000000000000e-01   0.0000000000000000e+00
   6.5036195516586304e-01   1.0000000000000000e+01   5.0000000000000000e-01   0.0000000000000000e+00   1.0000000000000000e+01   5.0000000000000000e-01   0.0000000000000000e+00
   6.5535300970077515e-01   1.0000000000000000e+01   5.0000000000000000e-01   0.0000000000000000e+00   1.0000000000000000e+01   5.0000000000000000e-01   0.0000000000000000e+00
   6.6032302379608154e-01   1.0000000000000000e+01   5.0000000000000000e-01   0.0000000000000000e+00   1.0000000000000000e+01   5.0000000000000000e-01   0.0000000000000000e+00
   6.6532498598098755e-01   1.0000000000000000e+01   5.0000000000000000e-01   0.0000000000000000e+00   1.0000000000000000e+01   5.0000000000000000e-01   0.0000000000000000e+00
   6.7031198740005493e-01   1.0000000000000000e+01   5.0000000000000000e-01   0.0000000000000000e+00   1.0000000000000000e+01   5.0000000000000000e-01   0.0000000000000000e+00
   6.7526698112487793e-01   1.0000000000000000e+01   5.0000000000000000e-01   0.0000000000000000e+00   1.0000000000000000e+01   5.0000000000000000e-01   0.0000000000000000e+00
   6.8028497695922852e-01   1.0000000000000000e+01   5.0000000000000000e-01   0.0000000000000000e+00   1.0000000000000000e+01   5.0000000000000000e-01   0.0000000000000000e+00
   6.8527197837829590e-01   1.0000000000000000e+01   5.0000000000000000e-01   0.0000000000000000e+00   1.0000000000000000e+01   5.0000000000000000e-01   0.0000000000000000e+00
   6.9025897979736328e-01   1.0000000000000000e+01   5.0000000000000000e-01   0.0000000000000000e+00   1.0000000000000000e+01   5.0000000000000000e-01   0.0000000000000000e+00
   6.9524198770523071e-01   1.0000000000000000e+01   5.0000000000000000e-01   0.0000000000000000e+00   1.0000000000000000e+01   5.0000000000000000e-01   0.0000000000000000e+00
   7.0020103454589844e-01   1.0000000000000000e+01   5.0000000000000000e-01   0.0000000000000000e+00   1.0000000000000000e+01   5.0000000000000000e-01   0.0000000000000000e+00
   7.0567303895950317e-01   1.0000000000000000e+01   5.0000000000000000e-01   0.0000000000000000e+00   1.0000000000000000e+01   5.0000000000000000e-01   0.0000000000000000e+00
   7.1065497398376465e-01   1.0000000000000000e+01   5.0000000000000000e-01   0.0000000000000000e+00   1.0000000000000000e+01   5.0000000000000000e-01   0.0000000000000000e+00
   7.1564698219299316e-01   1.0000000000000000e+01   5.0000000000000000e-01   0.0000000000000000e+00   1.0000000000000000e+01   5.0000000000000000e-01   0.0000000000000000e+00
   7.2063100337982178e-01   1.0000000000000000e+01   5.0000000000000000e-01   0.0000000000000000e+00   1.0000000000000000e+01   5.0000000000000000e-01   0.0000000000000000e+00
   7.2558701038360596e-01   1.0000000000000000e+01   5.0000000000000000e-01   0.0000000000000000e+00   1.0000000000000000e+01   5.0000000000000000e-01   0.0000000000000000e+00
   7.3057705163955688e-01   1.0000000000000000e+01   5.0000000000000000e-01   0.0000000000000000e+00   1.0000000000000000e+01   5.0000000000000000e-01   0.0000000000000000e+00
   7.3555898666381836e-01   1.0000000000000000e+01   5.0000000000000000e-01   0.0000000000000000e+00   1.0000000000000000e+01   5.0000000000000000e-01   0.0000000000000000e+00
   7.4054503440856934e-01   1.0000000000000000e+01   5.0000000000000000e-01   0.0000000000000000e+00   1.0000000000000000e+01   5.0000000000000000e-01   0.0000000000000000e+00
   7.4555999040603638e-01   1.0000000000000000e+01   5.0000000000000000e-01   0.0000000000000000e+00   1.0000000000000000e+01   5.0000000000000000e-01   0.0000000000000000e+00
   7.5055199861526489e-01   1.0000000000000000e+01   5.0000000000000000e-01   0.0000000000000000e+00   1.0000000000000000e+01   5.0000000000000000e-01   0.0000000000000000e+00
   7.5553995370864868e-01   1.0000000000000000e+01   5.0000000000000000e-01   0.0000000000000000e+00   1.0000000000000000e+01   5.0000000000000000e-01   0.0000000000000000e+00
   7.6049602031707764e-01   1.0000000000000000e+01   5.0000000000000000e-01   0.0000000000000000e+00   1.0000000000000000e+01   5.0000000000000000e-01   0.0000000000000000e+00
   7.6551097631454468e-01   1.0000000000000000e+01   5.0000000000000000e-01   0.0000000000000000e+00   1.0000000000000000e+01   5.0000000000000000e-01   0.0000000000000000e+00
   7.7049797773361206e-01   1.0000000000000000e+01   5.0000000000000000e-01   0.0000000000000000e+00   1.0000000000000000e+01   5.0000000000000000e-01   0.0000000000000000e+00
   7.7547001838684082e-01   1.0000000000000000e+01   5.0000000000000000e-01   0.0000000000000000e+00   1.0000000000000000e+01   5.0000000000000000e-01   0.0000000000000000e+00
   7.8046900033950806e-01   1.0000000000000000e+01   5.0000000000000000e-01   0.0000000000000000e+00   1.0000000000000000e+01   5.0000000000000000e-01   0.0000000000000000e+00
   7.8545796871185303e-01   1.0000000000000000e+01   5.0000000000000000e-01   0.0000000000000000e+00   1.0000000000000000e+01   5.0000000000000000e-01   0.0000000000000000e+00
   7.9044497013092041e-01   1.0000000000000000e+01   5.0000000000000000e-01   0.0000000000000000e+00   1.0000000000000000e+01   5.0000000000000000e-01   0.0000000000000000e+00
   7.9542797803878784e-01   1.0000000000000000e+01   5.0000000000000000e-01   0.0000000000000000e+00   1.0000000000000000e+01   5.0000000000000000e-01   0.0000000000000000e+00
   8.0041497945785522e-01   1.0000000000000000e+01   5.0000000000000000e-01   0.0000000000000000e+00   1.0000000000000000e+01   5.0000000000000000e-01   0.0000000000000000e+00
   8.0540698766708374e-01   1.0000000000000000e+01   5.0000000000000000e-01   0.0000000000000000e+00   1.0000000000000000e+01   5.0000000000000000e-01   0.0000000000000000e+00
   8.1038504838943481e-01   1.0000000000000000e+01   5.0000000000000000e-01   0.0000000000000000e+00   1.0000000000000000e+01   5.0000000000000000e-01   0.0000000000000000e+00
   8.1537801027297974e-01   1.0000000000000000e+01   5.0000000000000000e-01   0.0000000000000000e+00   1.0000000000000000e+01   5.0000000000000000e-01   0.0000000000000000e+00
   8.2033300399780273e-01   1.0000000000000000e+01   5.0000000000000000e-01   0.0000000000000000e+00   1.0000000000000000e+01   5.0000000000000000e-01   0.0000000000000000e+00
   8.2532000541687012e-01   1.0000000000000000e+01   5.0000000000000000e-01   0.0000000000000000e+00   1.0000000000000000e+01   5.0000000000000000e-01   0.0000000000000000e+00
   8.3030599355697632e-01   1.0000000000000000e+01   5.0000000000000000e-01   0.0000000000000000e+00   1.0000000000000000e+01   5.0000000000000000e-01   0.0000000000000000e+00
   8.3532500267028809e-01   1.0000000000000000e+01   5.0000000000000000e-01   0.0000000000000000e+00   1.0000000000000000e+01   5.0000000000000000e-01   0.0000000000000000e+00
   8.4030795097351074e-01   1.0000000000000000e+01   5.0000000000000000e-01   0.0000000000000000e+00   1.0000000000000000e+01   5.0000000000000000e-01   0.0000000000000000e+00
   8.4529298543930054e-01   1.0000000000000000e+01   5.0000000000000000e-01   0.0000000000000000e+00   1.0000000000000000e+01   5.0000000000000000e-01   0.0000000000000000e+00
   8.5025298595428467e-01   1.0000000000000000e+01   5.0000000000000000e-01   0.0000000000000000e+00   1.0000000000000000e+01   5.0000000000000000e-01   0.0000000000000000e+00
   8.5523897409439087e-01   1.0000000000000000e+01   5.0000000000000000e-01   0.0000000000000000e+00   1.0000000000000000e+01   5.0000000000000000e-01   0.0000000000000000e+00
   8.6022698879241943e-01   1.0000000000000000e+01   5.0000000000000000e-01   0.0000000000000000e+00   1.0000000000000000e+01   5.0000000000000000e-01   0.0000000000000000e+00
   8.6524498462677002e-01   1.0000000000000000e+01   5.0000000000000000e-01   0.0000000000000000e+00   1.0000000000000000e+01   5.0000000000000000e-01   0.0000000000000000e+00
   8.7023001909255981e-01   1.0000000000000000e+01   5.0000000000000000e-01   0.0000000000000000e+00   1.0000000000000000e+01   5.0000000000000000e-01   0.0000000000000000e+00
   8.7525099515914917e-01   1.0000000000000000e+01   5.0000000000000000e-01   0.0000000000000000e+00   1.0000000000000000e+01   5.0000000000000000e-01   0.0000000000000000e+00
   8.8020700216293335e-01   1.0000000000000000e+01   5.0000000000000000e-01   0.0000000000000000e+00   1.0000000000000000e+01   5.0000000000000000e-01   0.0000000000000000e+00
   8.8519400358200073e-01   1.0000000000000000e+01   5.0000000000000000e-01   0.0000000000000000e+00   1.0000000000000000e+01   5.0000000000000000e-01   0.0000000000000000e+00
   8.9017897844314575e-01   1.0000000000000000e+01   5.0000000000000000e-01   0.0000000000000000e+00   1.0000000000000000e+01   5.0000000000000000e-01   0.0000000000000000e+00
   8.9511698484420776e-01   1.0000000000000000e+01   5.0000000000000000e-01   0.0000000000000000e+00   1.0000000000000000e+01   5.0000000000000000e-01   0.0000000000000000e+00
   9.0010398626327515e-01   1.0000000000000000e+01   5.0000000000000000e-01   0.0000000000000000e+00   1.0000000000000000e+01   5.0000000000000000e-01   0.0000000000000000e+00
   9.0512394905090332e-01   1.0000000000000000e+01   5.0000000000000000e-01   0.0000000000000000e+00   1.0000000000000000e+01   5.0000000000000000e-01   0.0000000000000000e+00
   9.1008102893829346e-01   1.0000000000000000e+01   5.0000000000000000e-01   0.0000000000000000e+00   1.0000000000000000e+01   5.0000000000000000e-01   0.0000000000000000e+00
   9.1528600454330444e-01   1.0000000000000000e+01   5.0000000000000000e-01   0.0000000000000000e+00   1.0000000000000000e+01   5.0000000000000000e-01   0.0000000000000000e+00
   9.2027199268341064e-01   1.0000000000000000e+01   5.0000000000000000e-01   0.0000000000000000e+00   1.0000000000000000e+01   5.0000000000000000e-01   0.0000000000000000e+00
   9.2526596784591675e-01   1.0000000000000000e+01   5.0000000000000000e-01   0.0000000000000000e+00   1.0000000000000000e+01   5.0000000000000000e-01   0.0000000000000000e+00
   9.3022102117538452e-01   1.0000000000000000e+01   5.0000000000000000e-01   0.0000000000000000e+00   1.0000000000000000e+01   5.0000000000000000e-01   0.0000000000000000e+00
   9.3523198366165161e-01   1.0000000000000000e+01   5.0000000000000000e-01   0.0000000000000000e+00   1.0000000000000000e+01   5.0000000000000000e-01   0.0000000000000000e+00
   9.4022005796432495e-01   1.0000000000000000e+01   5.0000000000000000e-01   0.0000000000000000e+00   1.0000000000000000e+01   5.0000000000000000e-01   0.0000000000000000e+00
   9.4521099328994751e-01   1.0000000000000000e+01   5.0000000000000000e-01   0.0000000000000000e+00   1.0000000000000000e+01   5.0000000000000000e-01   0.0000000000000000e+00
   9.5019799470901489e-01   1.0000000000000000e+01   5.0000000000000000e-01   0.0000000000000000e+00   1.0000000000000000e+01   5.0000000000000000e-01   0.0000000000000000e+00
   9.5518398284912109e-01   1.0000000000000000e+01   5.0000000000000000e-01   0.0000000000000000e+00   1.0000000000000000e+01   5.0000000000000000e-01   0.0000000000000000e+00
   9.6014100313186646e-01   1.0000000000000000e+01   5.0000000000000000e-01   0.0000000000000000e+00   1.0000000000000000e+01   5.0000000000000000e-01   0.0000000000000000e+00
   9.6516001224517822e-01   1.0000000000000000e+01   5.0000000000000000e-01   0.0000000000000000e+00   1.0000000000000000e+01   5.0000000000000000e-01   0.0000000000000000e+00
   9.7014701366424561e-01   1.0000000000000000e+01   5.0000000000000000e-01   0.0000000000000000e+00   1.0000000000000000e+01   5.0000000000000000e-01   0.0000000000000000e+00
   9.7510600090026855e-01   1.0000000000000000e+01   5.0000000000000000e-01   0.0000000000000000e+00   1.0000000000000000e+01   5.0000000000000000e-01   0.0000000000000000e+00
   9.8008602857589722e-01   1.0000000000000000e+01   5.0000000000000000e-01   0.0000000000000000e+00   1.0000000000000000e+01   5.0000000000000000e-01   0.0000000000000000e+00
   9.8510503768920898e-01   1.0000000000000000e+01   5.0000000000000000e-01   0.0000000000000000e+00   1.0000000000000000e+01   5.0000000000000000e-01   0.0000000000000000e+00
   9.9009203910827637e-01   1.0000000000000000e+01   5.0000000000000000e-01   0.0000000000000000e+00   1.0000000000000000e+01   5.0000000000000000e-01   0.0000000000000000e+00
   9.9507802724838257e-01   1.0000000000000000e+01   5.0000000000000000e-01   0.0000000000000000e+00   1.0000000000000000e+01   5.0000000000000000e-01   0.0000000000000000e+00
   1.0000649690628052e+00   1.0000000000000000e+01   5.0000000000000000e-01   0.0000000000000000e+00   1.0000000000000000e+01   5.0000000000000000e-01   0.0000000000000000e+00
   1.0050549507141113e+00   1.0000000000000000e+01   5.0000000000000000e-01   0.0000000000000000e+00   1.0000000000000000e+01   5.0000000000000000e-01   0.0000000000000000e+00
   1.0100560188293457e+00   1.0000000000000000e+01   5.0000000000000000e-01   0.0000000000000000e+00   1.0000000000000000e+01   5.0000000000000000e-01   0.0000000000000000e+00
   1.0150270462036133e+00   1.0000000000000000e+01   5.0000000000000000e-01   0.0000000000000000e+00   1.0000000000000000e+01   5.0000000000000000e-01   0.0000000000000000e+00
   1.0210080146789551e+00   1.0000000000000000e+01   5.0000000000000000e-01   0.0000000000000000e+00   1.0000000000000000e+01   5.0000000000000000e-01   0.0000000000000000e+00
   1.0259649753570557e+00   1.0000000000000000e+01   5.0000000000000000e-01   0.0000000000000000e+00   1.0000000000000000e+01   5.0000000000000000e-01   0.0000000000000000e+00
   1.0309840440750122e+00   1.0000000000000000e+01   5.0000000000000000e-01   0.0000000000000000e+00   1.0000000000000000e+01   5.0000000000000000e-01   0.0000000000000000e+00
   1.0359690189361572e+00   1.0000000000000000e+01   5.0000000000000000e-01   0.0000000000000000e+00   1.0000000000000000e+01   5.0000000000000000e-01   0.0000000000000000e+00
   1.0404949188232422e+00   1.0000000000000000e+01   5.0000000000000000e-01   0.0000000000000000e+00   1.0000000000000000e+01   5.0000000000000000e-01   0.0000000000000000e+00
   1.0451399087905884e+00   1.0000000000000000e+01   5.0000000000000000e-01   0.0000000000000000e+00   1.0000000000000000e+01   5.0000000000000000e-01   0.0000000000000000e+00
   1.0501259565353394e+00   1.0000000000000000e+01   5.0000000000000000e-01   0.0000000000000000e+00   1.0000000000000000e+01   5.0000000000000000e-01   0.0000000000000000e+00
   1.0552039146423340e+00   1.0000000000000000e+01   5.0000000000000000e-01   0.0000000000000000e+00   1.0000000000000000e+01   5.0000000000000000e-01   0.0000000000000000e+00
   1.0602099895477295e+00   1.0000000000000000e+01   5.0000000000000000e-01   0.0000000000000000e+00   1.0000000000000000e+01   5.0000000000000000e-01   0.0000000000000000e+00
   1.0651999711990356e+00   1.0000000000000000e+01   5.0000000000000000e-01   0.0000000000000000e+00   1.0000000000000000e+01   5.0000000000000000e-01   0.0000000000000000e+00
   1.0703290700912476e+00   1.0000000000000000e+01   5.0000000000000000e-01   0.0000000000000000e+00   1.0000000000000000e+01   5.0000000000000000e-01   0.0000000000000000e+00
   1.0753179788589478e+00   1.0000000000000000e+01   5.0000000000000000e-01   0.0000000000000000e+00   1.0000000000000000e+01   5.0000000000000000e-01   0.0000000000000000e+00
   1.0803049802780151e+00   1.0000000000000000e+01   5.0000000000000000e-01   0.0000000000000000e+00   1.0000000000000000e+01   5.0000000000000000e-01   0.0000000000000000e+00
   1.0852910280227661e+00   1.0000000000000000e+01   5.0000000000000000e-01   0.0000000000000000e+00   1.0000000000000000e+01   5.0000000000000000e-01   0.0000000000000000e+00
   1.0902780294418335e+00   1.0000000000000000e+01   5.0000000000000000e-01   0.0000000000000000e+00   1.0000000000000000e+01   5.0000000000000000e-01   0.0000000000000000e+00
   1.0952639579772949e+00   1.0000000000000000e+01   5.0000000000000000e-01   0.0000000000000000e+00   1.0000000000000000e+01   5.0000000000000000e-01   0.0000000000000000e+00
   1.1002509593963623e+00   1.0000000000000000e+01   5.0000000000000000e-01   0.0000000000000000e+00   1.0000000000000000e+01   5.0000000000000000e-01   0.0000000000000000e+00
   1.1052379608154297e+00   1.0000000000000000e+01   5.0000000000000000e-01   0.0000000000000000e+00   1.0000000000000000e+01   5.0000000000000000e-01   0.0000000000000000e+00
   1.1102250814437866e+00   1.0000000000000000e+01   5.0000000000000000e-01   0.0000000000000000e+00   1.0000000000000000e+01   5.0000000000000000e-01   0.0000000000000000e+00
   1.1153010129928589e+00   1.0000000000000000e+01   5.0000000000000000e-01   0.0000000000000000e+00   1.0000000000000000e+01   5.0000000000000000e-01   0.0000000000000000e+00
   1.1202880144119263e+00   1.0000000000000000e+01   5.0000000000000000e-01   0.0000000000000000e+00   1.0000000000000000e+01   5.0000000000000000e-01   0.0000000000000000e+00
   1.1252779960632324e+00   1.0000000000000000e+01   5.0000000000000000e-01   0.0000000000000000e+00   1.0000000000000000e+01   5.0000000000000000e-01   0.0000000000000000e+00
   1.1306530237197876e+00   1.0000000000000000e+01   5.0000000000000000e-01   0.0000000000000000e+00   1.0000000000000000e+01   5.0000000000000000e-01   0.0000000000000000e+00
   1.1352189779281616e+00   1.0000000000000000e+01   5.0000000000000000e-01   0.0000000000000000e+00   1.0000000000000000e+01   5.0000000000000000e-01   0.0000000000000000e+00
   1.1402040719985962e+00   1.0000000000000000e+01   5.0000000000000000e-01   0.0000000000000000e+00   1.0000000000000000e+01   5.0000000000000000e-01   0.0000000000000000e+00
   1.1456960439682007e+00   1.0000000000000000e+01   5.0000000000000000e-01   0.0000000000000000e+00   1.0000000000000000e+01   5.0000000000000000e-01   0.0000000000000000e+00
   1.1506830453872681e+00   1.0000000000000000e+01   5.0000000000000000e-01   0.0000000000000000e+00   1.0000000000000000e+01   5.0000000000000000e-01   0.0000000000000000e+00
   1.1556689739227295e+00   1.0000000000000000e+01   5.0000000000000000e-01   0.0000000000000000e+00   1.0000000000000000e+01   5.0000000000000000e-01   0.0000000000000000e+00
   1.1606570482254028e+00   1.0000000000000000e+01   5.0000000000000000e-01   0.0000000000000000e+00   1.0000000000000000e+01   5.0000000000000000e-01   0.0000000000000000e+00
   1.1656429767608643e+00   1.0000000000000000e+01   5.0000000000000000e-01   0.0000000000000000e+00   1.0000000000000000e+01   5.0000000000000000e-01   0.0000000000000000e+00
   1.1703299283981323e+00   1.0000000000000000e+01   5.0000000000000000e-01   0.0000000000000000e+00   1.0000000000000000e+01   5.0000000000000000e-01   0.0000000000000000e+00
   1.1754329204559326e+00   1.0000000000000000e+01   5.0000000000000000e-01   0.0000000000000000e+00   1.0000000000000000e+01   5.0000000000000000e-01   0.0000000000000000e+00
   1.1803179979324341e+00   1.0000000000000000e+01   5.0000000000000000e-01   0.0000000000000000e+00   1.0000000000000000e+01   5.0000000000000000e-01   0.0000000000000000e+00
   1.1852920055389404e+00   1.0000000000000000e+01   5.0000000000000000e-01   0.0000000000000000e+00   1.0000000000000000e+01   5.0000000000000000e-01   0.0000000000000000e+00
   1.1902790069580078e+00   1.0000000000000000e+01   5.0000000000000000e-01   0.0000000000000000e+00   1.0000000000000000e+01   5.0000000000000000e-01   0.0000000000000000e+00
   1.1952650547027588e+00   1.0000000000000000e+01   5.0000000000000000e-01   0.0000000000000000e+00   1.0000000000000000e+01   5.0000000000000000e-01   0.0000000000000000e+00
   1.2002520561218262e+00   1.0000000000000000e+01   5.0000000000000000e-01   0.0000000000000000e+00   1.0000000000000000e+01   5.0000000000000000e-01   0.0000000000000000e+00
   1.2052379846572876e+00   1.0000000000000000e+01   5.0000000000000000e-01   0.0000000000000000e+00   1.0000000000000000e+01   5.0000000000000000e-01   0.0000000000000000e+00
   1.2102329730987549e+00   1.0000000000000000e+01   5.0000000000000000e-01   0.0000000000000000e+00   1.0000000000000000e+01   5.0000000000000000e-01   0.0000000000000000e+00
   1.2152119874954224e+00   1.0000000000000000e+01   5.0000000000000000e-01   0.0000000000000000e+00   1.0000000000000000e+01   5.0000000000000000e-01   0.0000000000000000e+00
   1.2201989889144897e+00   1.0000000000000000e+01   5.0000000000000000e-01   0.0000000000000000e+00   1.0000000000000000e+01   5.0000000000000000e-01   0.0000000000000000e+00
   1.2251889705657959e+00   1.0000000000000000e+01   5.0000000000000000e-01   0.0000000000000000e+00   1.0000000000000000e+01   5.0000000000000000e-01   0.0000000000000000e+00
   1.2301731109619141e+00   1.0000000000000000e+01   5.0000000000000000e-01   0.0000000000000000e+00   1.0000000000000000e+01   5.0000000000000000e-01   0.0000000000000000e+00
   1.2358640432357788e+00   1.0000000000000000e+01   5.0000000000000000e-01   0.0000000000000000e+00   1.0000000000000000e+01   5.0000000000000000e-01   0.0000000000000000e+00
   1.2408509254455566e+00   1.0000000000000000e+01   5.0000000000000000e-01   0.0000000000000000e+00   1.0000000000000000e+01   5.0000000000000000e-01   0.0000000000000000e+00
   1.2458370923995972e+00   1.0000000000000000e+01   5.0000000000000000e-01   0.0000000000000000e+00   1.0000000000000000e+01   5.0000000000000000e-01   0.0000000000000000e+00
   1.2508239746093750e+00   1.0000000000000000e+01   5.0000000000000000e-01   0.0000000000000000e+00   1.0000000000000000e+01   5.0000000000000000e-01   0.0000000000000000e+00
   1.2558100223541260e+00   1.0000000000000000e+01   5.0000000000000000e-01   0.0000000000000000e+00   1.0000000000000000e+01   5.0000000000000000e-01   0.0000000000000000e+00
   1.2607979774475098e+00   1.0000000000000000e+01   5.0000000000000000e-01   0.0000000000000000e+00   1.0000000000000000e+01   5.0000000000000000e-01   0.0000000000000000e+00
   1.2657840251922607e+00   1.0000000000000000e+01   5.0000000000000000e-01   0.0000000000000000e+00   1.0000000000000000e+01   5.0000000000000000e-01   0.0000000000000000e+00
   1.2707700729370117e+00   1.0000000000000000e+01   5.0000000000000000e-01   0.0000000000000000e+00   1.0000000000000000e+01   5.0000000000000000e-01   0.0000000000000000e+00
   1.2757689952850342e+00   1.0000000000000000e+01   5.0000000000000000e-01   0.0000000000000000e+00   1.0000000000000000e+01   5.0000000000000000e-01   0.0000000000000000e+00
   1.2807439565658569e+00   1.0000000000000000e+01   5.0000000000000000e-01   0.0000000000000000e+00   1.0000000000000000e+01   5.0000000000000000e-01   0.0000000000000000e+00
   1.2857300043106079e+00   1.0000000000000000e+01   5.0000000000000000e-01   0.0000000000000000e+00   1.0000000000000000e+01   5.0000000000000000e-01   0.0000000000000000e+00
   1.2907170057296753e+00   1.0000000000000000e+01   5.0000000000000000e-01   0.0000000000000000e+00   1.0000000000000000e+01   5.0000000000000000e-01   0.0000000000000000e+00
   1.2957030534744263e+00   1.0000000000000000e+01   5.0000000000000000e-01   0.0000000000000000e+00   1.0000000000000000e+01   5.0000000000000000e-01   0.0000000000000000e+00
   1.3006889820098877e+00   1.0000000000000000e+01   5.0000000000000000e-01   0.0000000000000000e+00   1.0000000000000000e+01   5.0000000000000000e-01   0.0000000000000000e+00
   1.3056759834289551e+00   1.0000000000000000e+01   5.0000000000000000e-01   0.0000000000000000e+00   1.0000000000000000e+01   5.0000000000000000e-01   0.0000000000000000e+00
   1.3107310533523560e+00   1.0000000000000000e+01   5.0000000000000000e-01   0.0000000000000000e+00   1.0000000000000000e+01   5.0000000000000000e-01   0.0000000000000000e+00
   1.3156490325927734e+00   1.0000000000000000e+01   5.0000000000000000e-01   0.0000000000000000e+00   1.0000000000000000e+01   5.0000000000000000e-01   0.0000000000000000e+00
   1.3206360340118408e+00   1.0000000000000000e+01   5.0000000000000000e-01   0.0000000000000000e+00   1.0000000000000000e+01   5.0000000000000000e-01   0.0000000000000000e+00
   1.3256230354309082e+00   1.0000000000000000e+01   5.0000000000000000e-01   0.0000000000000000e+00   1.0000000000000000e+01   5.0000000000000000e-01   0.0000000000000000e+00
   1.3306090831756592e+00   1.0000000000000000e+01   5.0000000000000000e-01   0.0000000000000000e+00   1.0000000000000000e+01   5.0000000000000000e-01   0.0000000000000000e+00
   1.3355960845947266e+00   1.0000000000000000e+01   5.0000000000000000e-01   0.0000000000000000e+00   1.0000000000000000e+01   5.0000000000000000e-01   0.0000000000000000e+00
   1.3405820131301880e+00   1.0000000000000000e+01   5.0000000000000000e-01   0.0000000000000000e+00   1.0000000000000000e+01   5.0000000000000000e-01   0.0000000000000000e+00
   1.3455700874328613e+00   1.0000000000000000e+01   5.0000000000000000e-01   0.0000000000000000e+00   1.0000000000000000e+01   5.0000000000000000e-01   0.0000000000000000e+00
   1.3505560159683228e+00   1.0000000000000000e+01   5.0000000000000000e-01   0.0000000000000000e+00   1.0000000000000000e+01   5.0000000000000000e-01   0.0000000000000000e+00
   1.3555420637130737e+00   1.0000000000000000e+01   5.0000000000000000e-01   0.0000000000000000e+00   1.0000000000000000e+01   5.0000000000000000e-01   0.0000000000000000e+00
   1.3605319261550903e+00   1.0000000000000000e+01   5.0000000000000000e-01   0.0000000000000000e+00   1.0000000000000000e+01   5.0000000000000000e-01   0.0000000000000000e+00
   1.3655170202255249e+00   1.0000000000000000e+01   5.0000000000000000e-01   0.0000000000000000e+00   1.0000000000000000e+01   5.0000000000000000e-01   0.0000000000000000e+00
   1.3705039024353027e+00   1.0000000000000000e+01   5.0000000000000000e-01   0.0000000000000000e+00   1.0000000000000000e+01   5.0000000000000000e-01   0.0000000000000000e+00
   1.3754919767379761e+00   1.0000000000000000e+01   5.0000000000000000e-01   0.0000000000000000e+00   1.0000000000000000e+01   5.0000000000000000e-01   0.0000000000000000e+00
   1.3804759979248047e+00   1.0000000000000000e+01   5.0000000000000000e-01   0.0000000000000000e+00   1.0000000000000000e+01   5.0000000000000000e-01   0.0000000000000000e+00
   1.3854620456695557e+00   1.0000000000000000e+01   5.0000000000000000e-01   0.0000000000000000e+00   1.0000000000000000e+01   5.0000000000000000e-01   0.0000000000000000e+00
   1.3904490470886230e+00   1.0000000000000000e+01   5.0000000000000000e-01   0.0000000000000000e+00   1.0000000000000000e+01   5.0000000000000000e-01   0.0000000000000000e+00
   1.3954429626464844e+00   1.0000000000000000e+01   5.0000000000000000e-01   0.0000000000000000e+00   1.0000000000000000e+01   5.0000000000000000e-01   0.0000000000000000e+00
   1.4004219770431519e+00   1.0000000000000000e+01   5.0000000000000000e-01   0.0000000000000000e+00   1.0000000000000000e+01   5.0000000000000000e-01   0.0000000000000000e+00
   1.4054089784622192e+00   1.0000000000000000e+01   5.0000000000000000e-01   0.0000000000000000e+00   1.0000000000000000e+01   5.0000000000000000e-01   0.0000000000000000e+00
   1.4103970527648926e+00   1.0000000000000000e+01   5.0000000000000000e-01   0.0000000000000000e+00   1.0000000000000000e+01   5.0000000000000000e-01   0.0000000000000000e+00
   1.4153829813003540e+00   1.0000000000000000e+01   5.0000000000000000e-01   0.0000000000000000e+00   1.0000000000000000e+01   5.0000000000000000e-01   0.0000000000000000e+00
   1.4203690290451050e+00   1.0000000000000000e+01   5.0000000000000000e-01   0.0000000000000000e+00   1.0000000000000000e+01   5.0000000000000000e-01   0.0000000000000000e+00
   1.4253590106964111e+00   1.0000000000000000e+01   5.0000000000000000e-01   0.0000000000000000e+00   1.0000000000000000e+01   5.0000000000000000e-01   0.0000000000000000e+00
   1.4303430318832397e+00   1.0000000000000000e+01   5.0000000000000000e-01   0.0000000000000000e+00   1.0000000000000000e+01   5.0000000000000000e-01   0.0000000000000000e+00
   1.4353290796279907e+00   1.0000000000000000e+01   5.0000000000000000e-01   0.0000000000000000e+00   1.0000000000000000e+01   5.0000000000000000e-01   0.0000000000000000e+00
   1.4403160810470581e+00   1.0000000000000000e+01   5.0000000000000000e-01   0.0000000000000000e+00   1.0000000000000000e+01   5.0000000000000000e-01   0.0000000000000000e+00
   1.4453030824661255e+00   1.0000000000000000e+01   5.0000000000000000e-01   0.0000000000000000e+00   1.0000000000000000e+01   5.0000000000000000e-01   0.0000000000000000e+00
   1.4502890110015869e+00   1.0000000000000000e+01   5.0000000000000000e-01   0.0000000000000000e+00   1.0000000000000000e+01   5.0000000000000000e-01   0.0000000000000000e+00
   1.4552760124206543e+00   1.0000000000000000e+01   5.0000000000000000e-01   0.0000000000000000e+00   1.0000000000000000e+01   5.0000000000000000e-01   0.0000000000000000e+00
   1.4602649211883545e+00   1.0000000000000000e+01   5.0000000000000000e-01   0.0000000000000000e+00   1.0000000000000000e+01   5.0000000000000000e-01   0.0000000000000000e+00
   1.4652490615844727e+00   1.0000000000000000e+01   5.0000000000000000e-01   0.0000000000000000e+00   1.0000000000000000e+01   5.0000000000000000e-01   0.0000000000000000e+00
   1.4702360630035400e+00   1.0000000000000000e+01   5.0000000000000000e-01   0.0000000000000000e+00   1.0000000000000000e+01   5.0000000000000000e-01   0.0000000000000000e+00
   1.4752409458160400e+00   1.0000000000000000e+01   5.0000000000000000e-01   0.0000000000000000e+00   1.0000000000000000e+01   5.0000000000000000e-01   0.0000000000000000e+00
   1.4802370071411133e+00   1.0000000000000000e+01   5.0000000000000000e-01   0.0000000000000000e+00   1.0000000000000000e+01   5.0000000000000000e-01   0.0000000000000000e+00
   1.4852280616760254e+00   1.0000000000000000e+01   5.0000000000000000e-01   0.0000000000000000e+00   1.0000000000000000e+01   5.0000000000000000e-01   0.0000000000000000e+00
   1.4902169704437256e+00   1.0000000000000000e+01   5.0000000000000000e-01   0.0000000000000000e+00   1.0000000000000000e+01   5.0000000000000000e-01   0.0000000000000000e+00
   1.4952000379562378e+00   1.0000000000000000e+01   5.0000000000000000e-01   0.0000000000000000e+00   1.0000000000000000e+01   5.0000000000000000e-01   0.0000000000000000e+00
   1.5001850128173828e+00   1.0000000000000000e+01   5.0000000000000000e-01   0.0000000000000000e+00   1.0000000000000000e+01   5.0000000000000000e-01   0.0000000000000000e+00
   1.5052070617675781e+00   1.0000000000000000e+01   5.0000000000000000e-01   0.0000000000000000e+00   1.0000000000000000e+01   5.0000000000000000e-01   0.0000000000000000e+00
   1.5101770162582397e+00   1.0000000000000000e+01   5.0000000000000000e-01   0.0000000000000000e+00   1.0000000000000000e+01   5.0000000000000000e-01   0.0000000000000000e+00
   1.5151089429855347e+00   1.0000000000000000e+01   5.0000000000000000e-01   0.0000000000000000e+00   1.0000000000000000e+01   5.0000000000000000e-01   0.0000000000000000e+00
   1.5200949907302856e+00   1.0000000000000000e+01   5.0000000000000000e-01   0.0000000000000000e+00   1.0000000000000000e+01   5.0000000000000000e-01   0.0000000000000000e+00
   1.5250879526138306e+00   1.0000000000000000e+01   5.0000000000000000e-01   0.0000000000000000e+00   1.0000000000000000e+01   5.0000000000000000e-01   0.0000000000000000e+00
   1.5301030874252319e+00   1.0000000000000000e+01   5.0000000000000000e-01   0.0000000000000000e+00   1.0000000000000000e+01   5.0000000000000000e-01   0.0000000000000000e+00
   1.5350859165191650e+00   1.0000000000000000e+01   5.0000000000000000e-01   0.0000000000000000e+00   1.0000000000000000e+01   5.0000000000000000e-01   0.0000000000000000e+00
   1.5401070117950439e+00   1.0000000000000000e+01   5.0000000000000000e-01   0.0000000000000000e+00   1.0000000000000000e+01   5.0000000000000000e-01   0.0000000000000000e+00
   1.5451869964599609e+00   1.0000000000000000e+01   5.0000000000000000e-01   0.0000000000000000e+00   1.0000000000000000e+01   5.0000000000000000e-01   0.0000000000000000e+00
   1.5501830577850342e+00   1.0000000000000000e+01   5.0000000000000000e-01   0.0000000000000000e+00   1.0000000000000000e+01   5.0000000000000000e-01   0.0000000000000000e+00
   1.5552029609680176e+00   1.0000000000000000e+01   5.0000000000000000e-01   0.0000000000000000e+00   1.0000000000000000e+01   5.0000000000000000e-01   0.0000000000000000e+00
   1.5601629018783569e+00   1.0000000000000000e+01   5.0000000000000000e-01   0.0000000000000000e+00   1.0000000000000000e+01   5.0000000000000000e-01   0.0000000000000000e+00
   1.5659979581832886e+00   1.0000000000000000e+01   5.0000000000000000e-01   0.0000000000000000e+00   1.0000000000000000e+01   5.0000000000000000e-01   0.0000000000000000e+00
   1.5709860324859619e+00   1.0000000000000000e+01   5.0000000000000000e-01   0.0000000000000000e+00   1.0000000000000000e+01   5.0000000000000000e-01   0.0000000000000000e+00
   1.5759389400482178e+00   1.0000000000000000e+01   5.0000000000000000e-01   0.0000000000000000e+00   1.0000000000000000e+01   5.0000000000000000e-01   0.0000000000000000e+00
   1.5809259414672852e+00   1.0000000000000000e+01   5.0000000000000000e-01   0.0000000000000000e+00   1.0000000000000000e+01   5.0000000000000000e-01   0.0000000000000000e+00
   1.5859440565109253e+00   1.0000000000000000e+01   5.0000000000000000e-01   0.0000000000000000e+00   1.0000000000000000e+01   5.0000000000000000e-01   0.0000000000000000e+00
   1.5909309387207031e+00   1.0000000000000000e+01   5.0000000000000000e-01   0.0000000000000000e+00   1.0000000000000000e+01   5.0000000000000000e-01   0.0000000000000000e+00
   1.5959171056747437e+00   1.0000000000000000e+01   5.0000000000000000e-01   0.0000000000000000e+00   1.0000000000000000e+01   5.0000000000000000e-01   0.0000000000000000e+00
   1.6009039878845215e+00   1.0000000000000000e+01   5.0000000000000000e-01   0.0000000000000000e+00   1.0000000000000000e+01   5.0000000000000000e-01   0.0000000000000000e+00
   1.6058909893035889e+00   1.0000000000000000e+01   5.0000000000000000e-01   0.0000000000000000e+00   1.0000000000000000e+01   5.0000000000000000e-01   0.0000000000000000e+00
   1.6108500957489014e+00   1.0000000000000000e+01   5.0000000000000000e-01   0.0000000000000000e+00   1.0000000000000000e+01   5.0000000000000000e-01   0.0000000000000000e+00
   1.6158609390258789e+00   1.0000000000000000e+01   5.0000000000000000e-01   0.0000000000000000e+00   1.0000000000000000e+01   5.0000000000000000e-01   0.0000000000000000e+00
   1.6208529472351074e+00   1.0000000000000000e+01   5.0000000000000000e-01   0.0000000000000000e+00   1.0000000000000000e+01   5.0000000000000000e-01   0.0000000000000000e+00
   1.6258080005645752e+00   1.0000000000000000e+01   5.0000000000000000e-01   0.0000000000000000e+00   1.0000000000000000e+01   5.0000000000000000e-01   0.0000000000000000e+00
   1.6307919025421143e+00   1.0000000000000000e+01   5.0000000000000000e-01   0.0000000000000000e+00   1.0000000000000000e+01   5.0000000000000000e-01   0.0000000000000000e+00
   1.6357789039611816e+00   1.0000000000000000e+01   5.0000000000000000e-01   0.0000000000000000e+00   1.0000000000000000e+01   5.0000000000000000e-01   0.0000000000000000e+00
   1.6407650709152222e+00   1.0000000000000000e+01   5.0000000000000000e-01   0.0000000000000000e+00   1.0000000000000000e+01   5.0000000000000000e-01   0.0000000000000000e+00
   1.6457520723342896e+00   1.0000000000000000e+01   5.0000000000000000e-01   0.0000000000000000e+00   1.0000000000000000e+01   5.0000000000000000e-01   0.0000000000000000e+00
   1.6507389545440674e+00   1.0000000000000000e+01   5.0000000000000000e-01   0.0000000000000000e+00   1.0000000000000000e+01   5.0000000000000000e-01   0.0000000000000000e+00
   1.6557259559631348e+00   1.0000000000000000e+01   5.0000000000000000e-01   0.0000000000000000e+00   1.0000000000000000e+01   5.0000000000000000e-01   0.0000000000000000e+00
   1.6607129573822021e+00   1.0000000000000000e+01   5.0000000000000000e-01   0.0000000000000000e+00   1.0000000000000000e+01   5.0000000000000000e-01   0.0000000000000000e+00
   1.6656980514526367e+00   1.0000000000000000e+01   5.0000000000000000e-01   0.0000000000000000e+00   1.0000000000000000e+01   5.0000000000000000e-01   0.0000000000000000e+00
   1.6706839799880981e+00   1.0000000000000000e+01   5.0000000000000000e-01   0.0000000000000000e+00   1.0000000000000000e+01   5.0000000000000000e-01   0.0000000000000000e+00
   1.6756879091262817e+00   1.0000000000000000e+01   5.0000000000000000e-01   0.0000000000000000e+00   1.0000000000000000e+01   5.0000000000000000e-01   0.0000000000000000e+00
   1.6806589365005493e+00   1.0000000000000000e+01   5.0000000000000000e-01   0.0000000000000000e+00   1.0000000000000000e+01   5.0000000000000000e-01   0.0000000000000000e+00
   1.6856451034545898e+00   1.0000000000000000e+01   5.0000000000000000e-01   0.0000000000000000e+00   1.0000000000000000e+01   5.0000000000000000e-01   0.0000000000000000e+00
   1.6906329393386841e+00   1.0000000000000000e+01   5.0000000000000000e-01   0.0000000000000000e+00   1.0000000000000000e+01   5.0000000000000000e-01   0.0000000000000000e+00
   1.6956189870834351e+00   1.0000000000000000e+01   5.0000000000000000e-01   0.0000000000000000e+00   1.0000000000000000e+01   5.0000000000000000e-01   0.0000000000000000e+00
   1.7006059885025024e+00   1.0000000000000000e+01   5.0000000000000000e-01   0.0000000000000000e+00   1.0000000000000000e+01   5.0000000000000000e-01   0.0000000000000000e+00
   1.7055929899215698e+00   1.0000000000000000e+01   5.0000000000000000e-01   0.0000000000000000e+00   1.0000000000000000e+01   5.0000000000000000e-01   0.0000000000000000e+00
   1.7105799913406372e+00   1.0000000000000000e+01   5.0000000000000000e-01   0.0000000000000000e+00   1.0000000000000000e+01   5.0000000000000000e-01   0.0000000000000000e+00
   1.7155650854110718e+00   1.0000000000000000e+01   5.0000000000000000e-01   0.0000000000000000e+00   1.0000000000000000e+01   5.0000000000000000e-01   0.0000000000000000e+00
   1.7205519676208496e+00   1.0000000000000000e+01   5.0000000000000000e-01   0.0000000000000000e+00   1.0000000000000000e+01   5.0000000000000000e-01   0.0000000000000000e+00
   1.7255420684814453e+00   1.0000000000000000e+01   5.0000000000000000e-01   0.0000000000000000e+00   1.0000000000000000e+01   5.0000000000000000e-01   0.0000000000000000e+00
   1.7305599451065063e+00   1.0000000000000000e+01   5.0000000000000000e-01   0.0000000000000000e+00   1.0000000000000000e+01   5.0000000000000000e-01   0.0000000000000000e+00
   1.7355560064315796e+00   1.0000000000000000e+01   5.0000000000000000e-01   0.0000000000000000e+00   1.0000000000000000e+01   5.0000000000000000e-01   0.0000000000000000e+00
   1.7404980659484863e+00   1.0000000000000000e+01   5.0000000000000000e-01   0.0000000000000000e+00   1.0000000000000000e+01   5.0000000000000000e-01   0.0000000000000000e+00
   1.7455118894577026e+00   1.0000000000000000e+01   5.0000000000000000e-01   0.0000000000000000e+00   2.0000000000000000e+01   1.0000000000000000e+00   0.0000000000000000e+00
   1.7504988908767700e+00   1.0000000000000000e+01   5.0000000000000000e-01   0.0000000000000000e+00   2.0000000000000000e+01   1.0000000000000000e+00   0.0000000000000000e+00
   1.7554869651794434e+00   1.0000000000000000e+01   5.0000000000000000e-01   0.0000000000000000e+00   2.0000000000000000e+01   1.0000000000000000e+00   0.0000000000000000e+00
   1.7604550123214722e+00   1.0000000000000000e+01   5.0000000000000000e-01   0.0000000000000000e+00   2.0000000000000000e+01   1.0000000000000000e+00   0.0000000000000000e+00
   1.7654649019241333e+00   1.0000000000000000e+01   5.0000000000000000e-01   0.0000000000000000e+00   2.0000000000000000e+01   1.0000000000000000e+00   0.0000000000000000e+00
   1.7704520225524902e+00   1.0000000000000000e+01   5.0000000000000000e-01   0.0000000000000000e+00   2.0000000000000000e+01   1.0000000000000000e+00   0.0000000000000000e+00
   1.7754100561141968e+00   1.0000000000000000e+01   5.0000000000000000e-01   0.0000000000000000e+00   2.0000000000000000e+01   1.0000000000000000e+00   0.0000000000000000e+00
   1.7804199457168579e+00   1.0000000000000000e+01   5.0000000000000000e-01   0.0000000000000000e+00   2.0000000000000000e+01   1.0000000000000000e+00   0.0000000000000000e+00
   1.7854100465774536e+00   1.0000000000000000e+01   5.0000000000000000e-01   0.0000000000000000e+00   2.0000000000000000e+01   1.0000000000000000e+00   0.0000000000000000e+00
   1.7903980016708374e+00   1.0000000000000000e+01   5.0000000000000000e-01   0.0000000000000000e+00   2.0000000000000000e+01   1.0000000000000000e+00   0.0000000000000000e+00
   1.7953529357910156e+00   1.0000000000000000e+01   5.0000000000000000e-01   0.0000000000000000e+00   2.0000000000000000e+01   1.0000000000000000e+00   0.0000000000000000e+00
   1.8003709316253662e+00   1.0000000000000000e+01   5.0000000000000000e-01   0.0000000000000000e+00   2.0000000000000000e+01   1.0000000000000000e+00   0.0000000000000000e+00
   1.8053590059280396e+00   1.0000000000000000e+01   5.0000000000000000e-01   0.0000000000000000e+00   2.0000000000000000e+01   1.0000000000000000e+00   0.0000000000000000e+00
   1.8103499412536621e+00   1.0000000000000000e+01   5.0000000000000000e-01   0.0000000000000000e+00   2.0000000000000000e+01   1.0000000000000000e+00   0.0000000000000000e+00
   1.8153330087661743e+00   1.0000000000000000e+01   5.0000000000000000e-01   0.0000000000000000e+00   2.0000000000000000e+01   1.0000000000000000e+00   0.0000000000000000e+00
   1.8202859163284302e+00   1.0000000000000000e+01   5.0000000000000000e-01   0.0000000000000000e+00   2.0000000000000000e+01   1.0000000000000000e+00   0.0000000000000000e+00
   1.8252720832824707e+00   1.0000000000000000e+01   5.0000000000000000e-01   0.0000000000000000e+00   2.0000000000000000e+01   1.0000000000000000e+00   0.0000000000000000e+00
   1.8302909135818481e+00   1.0000000000000000e+01   5.0000000000000000e-01   0.0000000000000000e+00   2.0000000000000000e+01   1.0000000000000000e+00   0.0000000000000000e+00
   1.8352770805358887e+00   1.0000000000000000e+01   5.0000000000000000e-01   0.0000000000000000e+00   2.0000000000000000e+01   1.0000000000000000e+00   0.0000000000000000e+00
   1.8402639627456665e+00   1.0000000000000000e+01   5.0000000000000000e-01   0.0000000000000000e+00   2.0000000000000000e+01   1.0000000000000000e+00   0.0000000000000000e+00
   1.8452210426330566e+00   1.0000000000000000e+01   5.0000000000000000e-01   0.0000000000000000e+00   2.0000000000000000e+01   1.0000000000000000e+00   0.0000000000000000e+00
   1.8502340316772461e+00   1.0000000000000000e+01   5.0000000000000000e-01   0.0000000000000000e+00   2.0000000000000000e+01   1.0000000000000000e+00   0.0000000000000000e+00
   1.8551920652389526e+00   1.0000000000000000e+01   5.0000000000000000e-01   0.0000000000000000e+00   2.0000000000000000e+01   1.0000000000000000e+00   0.0000000000000000e+00
   1.8601800203323364e+00   1.0000000000000000e+01   5.0000000000000000e-01   0.0000000000000000e+00   2.0000000000000000e+01   1.0000000000000000e+00   0.0000000000000000e+00
   1.8651919364929199e+00   1.0000000000000000e+01   5.0000000000000000e-01   0.0000000000000000e+00   2.0000000000000000e+01   1.0000000000000000e+00   0.0000000000000000e+00
   1.8701781034469604e+00   1.0000000000000000e+01   5.0000000000000000e-01   0.0000000000000000e+00   2.0000000000000000e+01   1.0000000000000000e+00   0.0000000000000000e+00
   1.8751399517059326e+00   1.0000000000000000e+01   5.0000000000000000e-01   0.0000000000000000e+00   2.0000000000000000e+01   1.0000000000000000e+00   0.0000000000000000e+00
   1.8801529407501221e+00   1.0000000000000000e+01   5.0000000000000000e-01   0.0000000000000000e+00   2.0000000000000000e+01   1.0000000000000000e+00   0.0000000000000000e+00
   1.8851449489593506e+00   1.0000000000000000e+01   5.0000000000000000e-01   0.0000000000000000e+00   2.0000000000000000e+01   1.0000000000000000e+00   0.0000000000000000e+00
   1.8901319503784180e+00   1.0000000000000000e+01   5.0000000000000000e-01   0.0000000000000000e+00   2.0000000000000000e+01   1.0000000000000000e+00   0.0000000000000000e+00
   1.8951370716094971e+00   1.0000000000000000e+01   5.0000000000000000e-01   0.0000000000000000e+00   2.0000000000000000e+01   1.0000000000000000e+00   0.0000000000000000e+00
   1.9001339673995972e+00   1.0000000000000000e+01   5.0000000000000000e-01   0.0000000000000000e+00   2.0000000000000000e+01   1.0000000000000000e+00   0.0000000000000000e+00
   1.9051560163497925e+00   1.0000000000000000e+01   5.0000000000000000e-01   0.0000000000000000e+00   2.0000000000000000e+01   1.0000000000000000e+00   0.0000000000000000e+00
   1.9101229906082153e+00   1.0000000000000000e+01   5.0000000000000000e-01   0.0000000000000000e+00   2.0000000000000000e+01   1.0000000000000000e+00   0.0000000000000000e+00
   1.9151389598846436e+00   1.0000000000000000e+01   5.0000000000000000e-01   0.0000000000000000e+00   2.0000000000000000e+01   1.0000000000000000e+00   0.0000000000000000e+00
   1.9201259613037109e+00   1.0000000000000000e+01   5.0000000000000000e-01   0.0000000000000000e+00   2.0000000000000000e+01   1.0000000000000000e+00   0.0000000000000000e+00
   1.9251149892807007e+00   1.0000000000000000e+01   5.0000000000000000e-01   0.0000000000000000e+00   2.0000000000000000e+01   1.0000000000000000e+00   0.0000000000000000e+00
   1.9301350116729736e+00   1.0000000000000000e+01   5.0000000000000000e-01   0.0000000000000000e+00   2.0000000000000000e+01   1.0000000000000000e+00   0.0000000000000000e+00
   1.9351280927658081e+00   1.0000000000000000e+01   5.0000000000000000e-01   0.0000000000000000e+00   2.0000000000000000e+01   1.0000000000000000e+00   0.0000000000000000e+00
   1.9401469230651855e+00   1.0000000000000000e+01   5.0000000000000000e-01   0.0000000000000000e+00   2.0000000000000000e+01   1.0000000000000000e+00   0.0000000000000000e+00
   1.9451140165328979e+00   1.0000000000000000e+01   5.0000000000000000e-01   0.0000000000000000e+00   2.0000000000000000e+01   1.0000000000000000e+00   0.0000000000000000e+00
   1.9501140117645264e+00   1.0000000000000000e+01   5.0000000000000000e-01   0.0000000000000000e+00   2.0000000000000000e+01   1.0000000000000000e+00   0.0000000000000000e+00
   1.9551430940628052e+00   1.0000000000000000e+01   5.0000000000000000e-01   0.0000000000000000e+00   2.0000000000000000e+01   1.0000000000000000e+00   0.0000000000000000e+00
   1.9601019620895386e+00   1.0000000000000000e+01   5.0000000000000000e-01   0.0000000000000000e+00   2.0000000000000000e+01   1.0000000000000000e+00   0.0000000000000000e+00
   1.9658299684524536e+00   1.0000000000000000e+01   5.0000000000000000e-01   0.0000000000000000e+00   2.0000000000000000e+01   1.0000000000000000e+00   0.0000000000000000e+00
   1.9708169698715210e+00   1.0000000000000000e+01   5.0000000000000000e-01   0.0000000000000000e+00   2.0000000000000000e+01   1.0000000000000000e+00   0.0000000000000000e+00
   1.9757770299911499e+00   1.0000000000000000e+01   5.0000000000000000e-01   0.0000000000000000e+00   2.0000000000000000e+01   1.0000000000000000e+00   0.0000000000000000e+00
   1.9807939529418945e+00   1.0000000000000000e+01   5.0000000000000000e-01   0.0000000000000000e+00   2.0000000000000000e+01   1.0000000000000000e+00   0.0000000000000000e+00
   1.9857820272445679e+00   1.0000000000000000e+01   5.0000000000000000e-01   0.0000000000000000e+00   2.0000000000000000e+01   1.0000000000000000e+00   0.0000000000000000e+00
   1.9907760620117188e+00   1.0000000000000000e+01   5.0000000000000000e-01   0.0000000000000000e+00   2.0000000000000000e+01   1.0000000000000000e+00   0.0000000000000000e+00
   1.9957230091094971e+00   1.0000000000000000e+01   5.0000000000000000e-01   0.0000000000000000e+00   2.0000000000000000e+01   1.0000000000000000e+00   0.0000000000000000e+00
   2.0007369518280029e+00   1.0000000000000000e+01   5.0000000000000000e-01   0.0000000000000000e+00   2.0000000000000000e+01   1.0000000000000000e+00   0.0000000000000000e+00
   2.0057280063629150e+00   1.0000000000000000e+01   5.0000000000000000e-01   0.0000000000000000e+00   2.0000000000000000e+01   1.0000000000000000e+00   0.0000000000000000e+00
   2.0106859207153320e+00   1.0000000000000000e+01   5.0000000000000000e-01   0.0000000000000000e+00   2.0000000000000000e+01   1.0000000000000000e+00   0.0000000000000000e+00
   2.0156691074371338e+00   1.0000000000000000e+01   5.0000000000000000e-01   0.0000000000000000e+00   2.0000000000000000e+01   1.0000000000000000e+00   0.0000000000000000e+00
   2.0206549167633057e+00   1.0000000000000000e+01   5.0000000000000000e-01   0.0000000000000000e+00   2.0000000000000000e+01   1.0000000000000000e+00   0.0000000000000000e+00
   2.0256431102752686e+00   1.0000000000000000e+01   5.0000000000000000e-01   0.0000000000000000e+00   2.0000000000000000e+01   1.0000000000000000e+00   0.0000000000000000e+00
   2.0306289196014404e+00   1.0000000000000000e+01   5.0000000000000000e-01   0.0000000000000000e+00   2.0000000000000000e+01   1.0000000000000000e+00   0.0000000000000000e+00
   2.0356149673461914e+00   1.0000000000000000e+01   5.0000000000000000e-01   0.0000000000000000e+00   2.0000000000000000e+01   1.0000000000000000e+00   0.0000000000000000e+00
   2.0406019687652588e+00   1.0000000000000000e+01   5.0000000000000000e-01   0.0000000000000000e+00   2.0000000000000000e+01   1.0000000000000000e+00   0.0000000000000000e+00
   2.0455889701843262e+00   1.0000000000000000e+01   5.0000000000000000e-01   0.0000000000000000e+00   2.0000000000000000e+01   1.0000000000000000e+00   0.0000000000000000e+00
   2.0505750179290771e+00   1.0000000000000000e+01   5.0000000000000000e-01   0.0000000000000000e+00   2.0000000000000000e+01   1.0000000000000000e+00   0.0000000000000000e+00
   2.0555620193481445e+00   1.0000000000000000e+01   5.0000000000000000e-01   0.0000000000000000e+00   2.0000000000000000e+01   1.0000000000000000e+00   0.0000000000000000e+00
   2.0605490207672119e+00   1.0000000000000000e+01   5.0000000000000000e-01   0.0000000000000000e+00   2.0000000000000000e+01   1.0000000000000000e+00   0.0000000000000000e+00
   2.0655350685119629e+00   1.0000000000000000e+01   5.0000000000000000e-01   0.0000000000000000e+00   2.0000000000000000e+01   1.0000000000000000e+00   0.0000000000000000e+00
   2.0705220699310303e+00   1.0000000000000000e+01   5.0000000000000000e-01   0.0000000000000000e+00   2.0000000000000000e+01   1.0000000000000000e+00   0.0000000000000000e+00
   2.0755090713500977e+00   1.0000000000000000e+01   5.0000000000000000e-01   0.0000000000000000e+00   2.0000000000000000e+01   1.0000000000000000e+00   0.0000000000000000e+00
   2.0804948806762695e+00   1.0000000000000000e+01   5.0000000000000000e-01   0.0000000000000000e+00   2.0000000000000000e+01   1.0000000000000000e+00   0.0000000000000000e+00
   2.0854830741882324e+00   1.0000000000000000e+01   5.0000000000000000e-01   0.0000000000000000e+00   2.0000000000000000e+01   1.0000000000000000e+00   0.0000000000000000e+00
   2.0904700756072998e+00   1.0000000000000000e+01   5.0000000000000000e-01   0.0000000000000000e+00   2.0000000000000000e+01   1.0000000000000000e+00   0.0000000000000000e+00
   2.0954720973968506e+00   1.0000000000000000e+01   5.0000000000000000e-01   0.0000000000000000e+00   2.0000000000000000e+01   1.0000000000000000e+00   0.0000000000000000e+00
   2.1004431247711182e+00   1.0000000000000000e+01   5.0000000000000000e-01   0.0000000000000000e+00   2.0000000000000000e+01   1.0000000000000000e+00   0.0000000000000000e+00
   2.1054301261901855e+00   1.0000000000000000e+01   5.0000000000000000e-01   0.0000000000000000e+00   2.0000000000000000e+01   1.0000000000000000e+00   0.0000000000000000e+00
   2.1104290485382080e+00   1.0000000000000000e+01   5.0000000000000000e-01   0.0000000000000000e+00   2.0000000000000000e+01   1.0000000000000000e+00   0.0000000000000000e+00
   2.1154029369354248e+00   1.0000000000000000e+01   5.0000000000000000e-01   0.0000000000000000e+00   2.0000000000000000e+01   1.0000000000000000e+00   0.0000000000000000e+00
   2.1203899383544922e+00   1.0000000000000000e+01   5.0000000000000000e-01   0.0000000000000000e+00   2.0000000000000000e+01   1.0000000000000000e+00   0.0000000000000000e+00
   2.1253769397735596e+00   1.0000000000000000e+01   5.0000000000000000e-01   0.0000000000000000e+00   2.0000000000000000e+01   1.0000000000000000e+00   0.0000000000000000e+00
   2.1303639411926270e+00   1.0000000000000000e+01   5.0000000000000000e-01   0.0000000000000000e+00   2.0000000000000000e+01   1.0000000000000000e+00   0.0000000000000000e+00
   2.1353499889373779e+00   1.0000000000000000e+01   5.0000000000000000e-01   0.0000000000000000e+00   2.0000000000000000e+01   1.0000000000000000e+00   0.0000000000000000e+00
   2.1403360366821289e+00   1.0000000000000000e+01   5.0000000000000000e-01   0.0000000000000000e+00   2.0000000000000000e+01   1.0000000000000000e+00   0.0000000000000000e+00
   2.1453239917755127e+00   1.0000000000000000e+01   5.0000000000000000e-01   0.0000000000000000e+00   2.0000000000000000e+01   1.0000000000000000e+00   0.0000000000000000e+00
   2.1503098011016846e+00   1.0000000000000000e+01   5.0000000000000000e-01   0.0000000000000000e+00   2.0000000000000000e+01   1.0000000000000000e+00   0.0000000000000000e+00
   2.1552960872650146e+00   1.0000000000000000e+01   5.0000000000000000e-01   0.0000000000000000e+00   2.0000000000000000e+01   1.0000000000000000e+00   0.0000000000000000e+00
   2.1602838039398193e+00   1.0000000000000000e+01   5.0000000000000000e-01   0.0000000000000000e+00   2.0000000000000000e+01   1.0000000000000000e+00   0.0000000000000000e+00
   2.1652688980102539e+00   1.0000000000000000e+01   5.0000000000000000e-01   0.0000000000000000e+00   2.0000000000000000e+01   1.0000000000000000e+00   0.0000000000000000e+00
   2.1702551841735840e+00   1.0000000000000000e+01   5.0000000000000000e-01   0.0000000000000000e+00   2.0000000000000000e+01   1.0000000000000000e+00   0.0000000000000000e+00
   2.1752419471740723e+00   1.0000000000000000e+01   5.0000000000000000e-01   0.0000000000000000e+00   2.0000000000000000e+01   1.0000000000000000e+00   0.0000000000000000e+00
   2.1802291870117188e+00   1.0000000000000000e+01   5.0000000000000000e-01   0.0000000000000000e+00   2.0000000000000000e+01   1.0000000000000000e+00   0.0000000000000000e+00
   2.1852149963378906e+00   1.0000000000000000e+01   5.0000000000000000e-01   0.0000000000000000e+00   2.0000000000000000e+01   1.0000000000000000e+00   0.0000000000000000e+00
   2.1902019977569580e+00   1.0000000000000000e+01   5.0000000000000000e-01   0.0000000000000000e+00   2.0000000000000000e+01   1.0000000000000000e+00   0.0000000000000000e+00
   2.1951899528503418e+00   1.0000000000000000e+01   5.0000000000000000e-01   0.0000000000000000e+00   2.0000000000000000e+01   1.0000000000000000e+00   0.0000000000000000e+00
   2.2001750469207764e+00   1.0000000000000000e+01   5.0000000000000000e-01   0.0000000000000000e+00   2.0000000000000000e+01   1.0000000000000000e+00   0.0000000000000000e+00
   2.2051620483398438e+00   1.0000000000000000e+01   5.0000000000000000e-01   0.0000000000000000e+00   2.0000000000000000e+01   1.0000000000000000e+00   0.0000000000000000e+00
   2.2101509571075439e+00   1.0000000000000000e+01   5.0000000000000000e-01   0.0000000000000000e+00   2.0000000000000000e+01   1.0000000000000000e+00   0.0000000000000000e+00
   2.2153971195220947e+00   1.0000000000000000e+01   5.0000000000000000e-01   0.0000000000000000e+00   2.0000000000000000e+01   1.0000000000000000e+00   0.0000000000000000e+00
   2.2203838825225830e+00   1.0000000000000000e+01   5.0000000000000000e-01   0.0000000000000000e+00   2.0000000000000000e+01   1.0000000000000000e+00   0.0000000000000000e+00
   2.2253680229187012e+00   1.0000000000000000e+01   5.0000000000000000e-01   0.0000000000000000e+00   2.0000000000000000e+01   1.0000000000000000e+00   0.0000000000000000e+00
   2.2303831577301025e+00   1.0000000000000000e+01   5.0000000000000000e-01   0.0000000000000000e+00   2.0000000000000000e+01   1.0000000000000000e+00   0.0000000000000000e+00
   2.2353730201721191e+00   1.0000000000000000e+01   5.0000000000000000e-01   0.0000000000000000e+00   2.0000000000000000e+01   1.0000000000000000e+00   0.0000000000000000e+00
   2.2403619289398193e+00   1.0000000000000000e+01   5.0000000000000000e-01   0.0000000000000000e+00   2.0000000000000000e+01   1.0000000000000000e+00   0.0000000000000000e+00
   2.2453429698944092e+00   1.0000000000000000e+01   5.0000000000000000e-01   0.0000000000000000e+00   2.0000000000000000e+01   1.0000000000000000e+00   0.0000000000000000e+00
   2.2503302097320557e+00   1.0000000000000000e+01   5.0000000000000000e-01   0.0000000000000000e+00   2.0000000000000000e+01   1.0000000000000000e+00   0.0000000000000000e+00
   2.2552900314331055e+00   1.0000000000000000e+01   5.0000000000000000e-01   0.0000000000000000e+00   2.0000000000000000e+01   1.0000000000000000e+00   0.0000000000000000e+00
   2.2602829933166504e+00   1.0000000000000000e+01   5.0000000000000000e-01   0.0000000000000000e+00   2.0000000000000000e+01   1.0000000000000000e+00   0.0000000000000000e+00
   2.2652900218963623e+00   1.0000000000000000e+01   5.0000000000000000e-01   0.0000000000000000e+00   2.0000000000000000e+01   1.0000000000000000e+00   0.0000000000000000e+00
   2.2702760696411133e+00   1.0000000000000000e+01   5.0000000000000000e-01   0.0000000000000000e+00   2.0000000000000000e+01   1.0000000000000000e+00   0.0000000000000000e+00
   2.2752680778503418e+00   1.0000000000000000e+01   5.0000000000000000e-01   0.0000000000000000e+00   2.0000000000000000e+01   1.0000000000000000e+00   0.0000000000000000e+00
   2.2802491188049316e+00   1.0000000000000000e+01   5.0000000000000000e-01   0.0000000000000000e+00   2.0000000000000000e+01   1.0000000000000000e+00   0.0000000000000000e+00
   2.2852401733398438e+00   1.0000000000000000e+01   5.0000000000000000e-01   0.0000000000000000e+00   2.0000000000000000e+01   1.0000000000000000e+00   0.0000000000000000e+00
   2.2902278900146484e+00   1.0000000000000000e+01   5.0000000000000000e-01   0.0000000000000000e+00   2.0000000000000000e+01   1.0000000000000000e+00   0.0000000000000000e+00
   2.2951838970184326e+00   1.0000000000000000e+01   5.0000000000000000e-01   0.0000000000000000e+00   2.0000000000000000e+01   1.0000000000000000e+00   0.0000000000000000e+00
   2.3001971244812012e+00   1.0000000000000000e+01   5.0000000000000000e-01   0.0000000000000000e+00   2.0000000000000000e+01   1.0000000000000000e+00   0.0000000000000000e+00
   2.3051559925079346e+00   1.0000000000000000e+01   5.0000000000000000e-01   0.0000000000000000e+00   2.0000000000000000e+01   1.0000000000000000e+00   0.0000000000000000e+00
   2.3101429939270020e+00   1.0000000000000000e+01   5.0000000000000000e-01   0.0000000000000000e+00   2.0000000000000000e+01   1.0000000000000000e+00   0.0000000000000000e+00
   2.3151018619537354e+00   1.0000000000000000e+01   5.0000000000000000e-01   0.0000000000000000e+00   2.0000000000000000e+01   1.0000000000000000e+00   0.0000000000000000e+00
   2.3200907707214355e+00   1.0000000000000000e+01   5.0000000000000000e-01   0.0000000000000000e+00   2.0000000000000000e+01   1.0000000000000000e+00   0.0000000000000000e+00
   2.3257851600646973e+00   1.0000000000000000e+01   5.0000000000000000e-01   0.0000000000000000e+00   2.0000000000000000e+01   1.0000000000000000e+00   0.0000000000000000e+00
   2.3307969570159912e+00   1.0000000000000000e+01   5.0000000000000000e-01   0.0000000000000000e+00   2.0000000000000000e+01   1.0000000000000000e+00   0.0000000000000000e+00
   2.3357889652252197e+00   1.0000000000000000e+01   5.0000000000000000e-01   0.0000000000000000e+00   2.0000000000000000e+01   1.0000000000000000e+00   0.0000000000000000e+00
   2.3407759666442871e+00   1.0000000000000000e+01   5.0000000000000000e-01   0.0000000000000000e+00   2.0000000000000000e+01   1.0000000000000000e+00   0.0000000000000000e+00
   2.3457300662994385e+00   1.0000000000000000e+01   5.0000000000000000e-01   0.0000000000000000e+00   2.0000000000000000e+01   1.0000000000000000e+00   0.0000000000000000e+00
   2.3507180213928223e+00   1.0000000000000000e+01   5.0000000000000000e-01   0.0000000000000000e+00   2.0000000000000000e+01   1.0000000000000000e+00   0.0000000000000000e+00
   2.3557040691375732e+00   1.0000000000000000e+01   5.0000000000000000e-01   0.0000000000000000e+00   2.0000000000000000e+01   1.0000000000000000e+00   0.0000000000000000e+00
   2.3607239723205566e+00   1.0000000000000000e+01   5.0000000000000000e-01   0.0000000000000000e+00   2.0000000000000000e+01   1.0000000000000000e+00   0.0000000000000000e+00
   2.3657028675079346e+00   1.0000000000000000e+01   5.0000000000000000e-01   0.0000000000000000e+00   2.0000000000000000e+01   1.0000000000000000e+00   0.0000000000000000e+00
   2.3706910610198975e+00   1.0000000000000000e+01   5.0000000000000000e-01   0.0000000000000000e+00   2.0000000000000000e+01   1.0000000000000000e+00   0.0000000000000000e+00
   2.3756499290466309e+00   1.0000000000000000e+01   5.0000000000000000e-01   0.0000000000000000e+00   2.0000000000000000e+01   1.0000000000000000e+00   0.0000000000000000e+00
   2.3806660175323486e+00   1.0000000000000000e+01   5.0000000000000000e-01   0.0000000000000000e+00   2.0000000000000000e+01   1.0000000000000000e+00   0.0000000000000000e+00
   2.3856241703033447e+00   1.0000000000000000e+01   5.0000000000000000e-01   0.0000000000000000e+00   2.0000000000000000e+01   1.0000000000000000e+00   0.0000000000000000e+00
   2.3906109333038330e+00   1.0000000000000000e+01   5.0000000000000000e-01   0.0000000000000000e+00   2.0000000000000000e+01   1.0000000000000000e+00   0.0000000000000000e+00
   2.3956179618835449e+00   1.0000000000000000e+01   5.0000000000000000e-01   0.0000000000000000e+00   2.0000000000000000e+01   1.0000000000000000e+00   0.0000000000000000e+00
   2.4005818367004395e+00   1.0000000000000000e+01   5.0000000000000000e-01   0.0000000000000000e+00   2.0000000000000000e+01   1.0000000000000000e+00   0.0000000000000000e+00
   2.4055690765380859e+00   1.0000000000000000e+01   5.0000000000000000e-01   0.0000000000000000e+00   2.0000000000000000e+01   1.0000000000000000e+00   0.0000000000000000e+00
   2.4105908870697021e+00   1.0000000000000000e+01   5.0000000000000000e-01   0.0000000000000000e+00   2.0000000000000000e+01   1.0000000000000000e+00   0.0000000000000000e+00
   2.4155421257019043e+00   1.0000000000000000e+01   5.0000000000000000e-01   0.0000000000000000e+00   2.0000000000000000e+01   1.0000000000000000e+00   0.0000000000000000e+00
   2.4205288887023926e+00   1.0000000000000000e+01   5.0000000000000000e-01   0.0000000000000000e+00   2.0000000000000000e+01   1.0000000000000000e+00   0.0000000000000000e+00
   2.4255161285400391e+00   1.0000000000000000e+01   5.0000000000000000e-01   0.0000000000000000e+00   2.0000000000000000e+01   1.0000000000000000e+00   0.0000000000000000e+00
   2.4305028915405273e+00   1.0000000000000000e+01   5.0000000000000000e-01   0.0000000000000000e+00   2.0000000000000000e+01   1.0000000000000000e+00   0.0000000000000000e+00
   2.4354889392852783e+00   1.0000000000000000e+01   5.0000000000000000e-01   0.0000000000000000e+00   2.0000000000000000e+01   1.0000000000000000e+00   0.0000000000000000e+00
   2.4404759407043457e+00   1.0000000000000000e+01   5.0000000000000000e-01   0.0000000000000000e+00   2.0000000000000000e+01   1.0000000000000000e+00   0.0000000000000000e+00
   2.4454650878906250e+00   1.0000000000000000e+01   5.0000000000000000e-01   0.0000000000000000e+00   2.0000000000000000e+01   1.0000000000000000e+00   0.0000000000000000e+00
   2.4504508972167969e+00   1.0000000000000000e+01   5.0000000000000000e-01   0.0000000000000000e+00   2.0000000000000000e+01   1.0000000000000000e+00   0.0000000000000000e+00
   2.4554369449615479e+00   1.0000000000000000e+01   5.0000000000000000e-01   0.0000000000000000e+00   2.0000000000000000e+01   1.0000000000000000e+00   0.0000000000000000e+00
   2.4604642391204834e+00   1.0000000000000000e+01   5.0000000000000000e-01   0.0000000000000000e+00   2.0000000000000000e+01   1.0000000000000000e+00   0.0000000000000000e+00
   2.4654111862182617e+00   1.0000000000000000e+01   5.0000000000000000e-01   0.0000000000000000e+00   2.0000000000000000e+01   1.0000000000000000e+00   0.0000000000000000e+00
   2.4703979492187500e+00   1.0000000000000000e+01   5.0000000000000000e-01   0.0000000000000000e+00   2.0000000000000000e+01   1.0000000000000000e+00   0.0000000000000000e+00
   2.4753851890563965e+00   1.0000000000000000e+01   5.0000000000000000e-01   0.0000000000000000e+00   2.0000000000000000e+01   1.0000000000000000e+00   0.0000000000000000e+00
   2.4803698062896729e+00   1.0000000000000000e+01   5.0000000000000000e-01   0.0000000000000000e+00   2.0000000000000000e+01   1.0000000000000000e+00   0.0000000000000000e+00
   2.4853949546813965e+00   1.0000000000000000e+01   5.0000000000000000e-01   0.0000000000000000e+00   2.0000000000000000e+01   1.0000000000000000e+00   0.0000000000000000e+00
   2.4903748035430908e+00   1.0000000000000000e+01   5.0000000000000000e-01   0.0000000000000000e+00   2.0000000000000000e+01   1.0000000000000000e+00   0.0000000000000000e+00
   2.4953320026397705e+00   1.0000000000000000e+01   5.0000000000000000e-01   0.0000000000000000e+00   2.0000000000000000e+01   1.0000000000000000e+00   0.0000000000000000e+00
   2.5003180503845215e+00   1.0000000000000000e+01   5.0000000000000000e-01   0.0000000000000000e+00   2.0000000000000000e+01   1.0000000000000000e+00   0.0000000000000000e+00
   2.5053050518035889e+00   1.0000000000000000e+01   5.0000000000000000e-01   0.0000000000000000e+00   2.0000000000000000e+01   1.0000000000000000e+00   0.0000000000000000e+00
   2.5102899074554443e+00   1.0000000000000000e+01   5.0000000000000000e-01   0.0000000000000000e+00   2.0000000000000000e+01   1.0000000000000000e+00   0.0000000000000000e+00
   2.5153138637542725e+00   1.0000000000000000e+01   5.0000000000000000e-01   0.0000000000000000e+00   2.0000000000000000e+01   1.0000000000000000e+00   0.0000000000000000e+00
   2.5202939510345459e+00   1.0000000000000000e+01   5.0000000000000000e-01   0.0000000000000000e+00   2.0000000000000000e+01   1.0000000000000000e+00   0.0000000000000000e+00
   2.5252821445465088e+00   1.0000000000000000e+01   5.0000000000000000e-01   0.0000000000000000e+00   2.0000000000000000e+01   1.0000000000000000e+00   0.0000000000000000e+00
   2.5302388668060303e+00   1.0000000000000000e+01   5.0000000000000000e-01   0.0000000000000000e+00   2.0000000000000000e+01   1.0000000000000000e+00   0.0000000000000000e+00
   2.5352549552917480e+00   1.0000000000000000e+01   5.0000000000000000e-01   0.0000000000000000e+00   2.0000000000000000e+01   1.0000000000000000e+00   0.0000000000000000e+00
   2.5402438640594482e+00   1.0000000000000000e+01   5.0000000000000000e-01   0.0000000000000000e+00   2.0000000000000000e+01   1.0000000000000000e+00   0.0000000000000000e+00
   2.5452239513397217e+00   1.0000000000000000e+01   5.0000000000000000e-01   0.0000000000000000e+00   2.0000000000000000e+01   1.0000000000000000e+00   0.0000000000000000e+00
   2.5502121448516846e+00   1.0000000000000000e+01   5.0000000000000000e-01   0.0000000000000000e+00   2.0000000000000000e+01   1.0000000000000000e+00   0.0000000000000000e+00
   2.5552010536193848e+00   1.0000000000000000e+01   5.0000000000000000e-01   0.0000000000000000e+00   2.0000000000000000e+01   1.0000000000000000e+00   0.0000000000000000e+00
   2.5601680278778076e+00   1.0000000000000000e+01   5.0000000000000000e-01   0.0000000000000000e+00   2.0000000000000000e+01   1.0000000000000000e+00   0.0000000000000000e+00
   2.5658738613128662e+00   1.0000000000000000e+01   5.0000000000000000e-01   0.0000000000000000e+00   2.0000000000000000e+01   1.0000000000000000e+00   0.0000000000000000e+00
   2.5708851814270020e+00   1.0000000000000000e+01   5.0000000000000000e-01   0.0000000000000000e+00   2.0000000000000000e+01   1.0000000000000000e+00   0.0000000000000000e+00
   2.5758450031280518e+00   1.0000000000000000e+01   5.0000000000000000e-01   0.0000000000000000e+00   2.0000000000000000e+01   1.0000000000000000e+00   0.0000000000000000e+00
   2.5808341503143311e+00   1.0000000000000000e+01   5.0000000000000000e-01   0.0000000000000000e+00   2.0000000000000000e+01   1.0000000000000000e+00   0.0000000000000000e+00
   2.5858459472656250e+00   1.0000000000000000e+01   5.0000000000000000e-01   0.0000000000000000e+00   2.0000000000000000e+01   1.0000000000000000e+00   0.0000000000000000e+00
   2.5908348560333252e+00   1.0000000000000000e+01   5.0000000000000000e-01   0.0000000000000000e+00   2.0000000000000000e+01   1.0000000000000000e+00   0.0000000000000000e+00
   2.5957939624786377e+00   1.0000000000000000e+01   5.0000000000000000e-01   0.0000000000000000e+00   2.0000000000000000e+01   1.0000000000000000e+00   0.0000000000000000e+00
   2.6008110046386719e+00   1.0000000000000000e+01   5.0000000000000000e-01   0.0000000000000000e+00   2.0000000000000000e+01   1.0000000000000000e+00   0.0000000000000000e+00
   2.6057970523834229e+00   1.0000000000000000e+01   5.0000000000000000e-01   0.0000000000000000e+00   2.0000000000000000e+01   1.0000000000000000e+00   0.0000000000000000e+00
   2.6107540130615234e+00   1.0000000000000000e+01   5.0000000000000000e-01   0.0000000000000000e+00   2.0000000000000000e+01   1.0000000000000000e+00   0.0000000000000000e+00
   2.6157608032226562e+00   1.0000000000000000e+01   5.0000000000000000e-01   0.0000000000000000e+00   2.0000000000000000e+01   1.0000000000000000e+00   0.0000000000000000e+00
   2.6207549571990967e+00   1.0000000000000000e+01   5.0000000000000000e-01   0.0000000000000000e+00   2.0000000000000000e+01   1.0000000000000000e+00   0.0000000000000000e+00
   2.6257112026214600e+00   1.0000000000000000e+01   5.0000000000000000e-01   0.0000000000000000e+00   2.0000000000000000e+01   1.0000000000000000e+00   0.0000000000000000e+00
   2.6307020187377930e+00   1.0000000000000000e+01   5.0000000000000000e-01   0.0000000000000000e+00   2.0000000000000000e+01   1.0000000000000000e+00   0.0000000000000000e+00
   2.6357188224792480e+00   1.0000000000000000e+01   5.0000000000000000e-01   0.0000000000000000e+00   2.0000000000000000e+01   1.0000000000000000e+00   0.0000000000000000e+00
   2.6406710147857666e+00   1.0000000000000000e+01   5.0000000000000000e-01   0.0000000000000000e+00   2.0000000000000000e+01   1.0000000000000000e+00   0.0000000000000000e+00
   2.6456589698791504e+00   1.0000000000000000e+01   5.0000000000000000e-01   0.0000000000000000e+00   2.0000000000000000e+01   1.0000000000000000e+00   0.0000000000000000e+00
   2.6506750583648682e+00   1.0000000000000000e+01   5.0000000000000000e-01   0.0000000000000000e+00   2.0000000000000000e+01   1.0000000000000000e+00   0.0000000000000000e+00
   2.6556642055511475e+00   1.0000000000000000e+01   5.0000000000000000e-01   0.0000000000000000e+00   2.0000000000000000e+01   1.0000000000000000e+00   0.0000000000000000e+00
   2.6606199741363525e+00   1.0000000000000000e+01   5.0000000000000000e-01   0.0000000000000000e+00   2.0000000000000000e+01   1.0000000000000000e+00   0.0000000000000000e+00
   2.6656229496002197e+00   1.0000000000000000e+01   5.0000000000000000e-01   0.0000000000000000e+00   2.0000000000000000e+01   1.0000000000000000e+00   0.0000000000000000e+00
   2.6706209182739258e+00   1.0000000000000000e+01   5.0000000000000000e-01   0.0000000000000000e+00   2.0000000000000000e+01   1.0000000000000000e+00   0.0000000000000000e+00
   2.6756107807159424e+00   1.0000000000000000e+01   5.0000000000000000e-01   0.0000000000000000e+00   2.0000000000000000e+01   1.0000000000000000e+00   0.0000000000000000e+00
   2.6805760860443115e+00   1.0000000000000000e+01   5.0000000000000000e-01   0.0000000000000000e+00   2.0000000000000000e+01   1.0000000000000000e+00   0.0000000000000000e+00
   2.6855800151824951e+00   1.0000000000000000e+01   5.0000000000000000e-01   0.0000000000000000e+00   2.0000000000000000e+01   1.0000000000000000e+00   0.0000000000000000e+00
   2.6905670166015625e+00   1.0000000000000000e+01   5.0000000000000000e-01   0.0000000000000000e+00   2.0000000000000000e+01   1.0000000000000000e+00   0.0000000000000000e+00
   2.6955268383026123e+00   1.0000000000000000e+01   5.0000000000000000e-01   0.0000000000000000e+00   2.0000000000000000e+01   1.0000000000000000e+00   0.0000000000000000e+00
   2.7005469799041748e+00   1.0000000000000000e+01   5.0000000000000000e-01   0.0000000000000000e+00   2.0000000000000000e+01   1.0000000000000000e+00   0.0000000000000000e+00
   2.7055301666259766e+00   1.0000000000000000e+01   5.0000000000000000e-01   0.0000000000000000e+00   2.0000000000000000e+01   1.0000000000000000e+00   0.0000000000000000e+00
   2.7106680870056152e+00   1.0000000000000000e+01   5.0000000000000000e-01   0.0000000000000000e+00   2.0000000000000000e+01   1.0000000000000000e+00   0.0000000000000000e+00
   2.7154729366302490e+00   1.0000000000000000e+01   5.0000000000000000e-01   0.0000000000000000e+00   2.0000000000000000e+01   1.0000000000000000e+00   0.0000000000000000e+00
   2.7204852104187012e+00   1.0000000000000000e+01   5.0000000000000000e-01   0.0000000000000000e+00   2.0000000000000000e+01   1.0000000000000000e+00   0.0000000000000000e+00
   2.7254450321197510e+00   1.0000000000000000e+01   5.0000000000000000e-01   0.0000000000000000e+00   2.0000000000000000e+01   1.0000000000000000e+00   0.0000000000000000e+00
   2.7304339408874512e+00   1.0000000000000000e+01   5.0000000000000000e-01   0.0000000000000000e+00   2.0000000000000000e+01   1.0000000000000000e+00   0.0000000000000000e+00
   2.7354240417480469e+00   1.0000000000000000e+01   5.0000000000000000e-01   0.0000000000000000e+00   2.0000000000000000e+01   1.0000000000000000e+00   0.0000000000000000e+00
   2.7404060363769531e+00   1.0000000000000000e+01   5.0000000000000000e-01   0.0000000000000000e+00   2.0000000000000000e+01   1.0000000000000000e+00   0.0000000000000000e+00
   2.7454011440277100e+00   1.0000000000000000e+01   5.0000000000000000e-01   0.0000000000000000e+00   2.0000000000000000e+01   1.0000000000000000e+00   0.0000000000000000e+00
   2.7504079341888428e+00   1.0000000000000000e+01   5.0000000000000000e-01   0.0000000000000000e+00   2.0000000000000000e+01   1.0000000000000000e+00   0.0000000000000000e+00
   2.7553999423980713e+00   1.0000000000000000e+01   5.0000000000000000e-01   0.0000000000000000e+00   2.0000000000000000e+01   1.0000000000000000e+00   0.0000000000000000e+00
   2.7603518962860107e+00   1.0000000000000000e+01   5.0000000000000000e-01   0.0000000000000000e+00   2.0000000000000000e+01   1.0000000000000000e+00   0.0000000000000000e+00
   2.7653708457946777e+00   1.0000000000000000e+01   5.0000000000000000e-01   0.0000000000000000e+00   2.0000000000000000e+01   1.0000000000000000e+00   0.0000000000000000e+00
   2.7703568935394287e+00   1.0000000000000000e+01   5.0000000000000000e-01   0.0000000000000000e+00   2.0000000000000000e+01   1.0000000000000000e+00   0.0000000000000000e+00
   2.7753469944000244e+00   1.0000000000000000e+01   5.0000000000000000e-01   0.0000000000000000e+00   2.0000000000000000e+01   1.0000000000000000e+00   0.0000000000000000e+00
   2.7803258895874023e+00   1.0000000000000000e+01   5.0000000000000000e-01   0.0000000000000000e+00   2.0000000000000000e+01   1.0000000000000000e+00   0.0000000000000000e+00
   2.7852931022644043e+00   1.0000000000000000e+01   5.0000000000000000e-01   0.0000000000000000e+00   2.0000000000000000e+01   1.0000000000000000e+00   0.0000000000000000e+00
   2.7902998924255371e+00   1.0000000000000000e+01   5.0000000000000000e-01   0.0000000000000000e+00   2.0000000000000000e+01   1.0000000000000000e+00   0.0000000000000000e+00
   2.7952680587768555e+00   1.0000000000000000e+01   5.0000000000000000e-01   0.0000000000000000e+00   2.0000000000000000e+01   1.0000000000000000e+00   0.0000000000000000e+00
   2.8002729415893555e+00   1.0000000000000000e+01   5.0000000000000000e-01   0.0000000000000000e+00   2.0000000000000000e+01   1.0000000000000000e+00   0.0000000000000000e+00
   2.8052637577056885e+00   1.0000000000000000e+01   5.0000000000000000e-01   0.0000000000000000e+00   2.0000000000000000e+01   1.0000000000000000e+00   0.0000000000000000e+00
   2.8102190494537354e+00   1.0000000000000000e+01   5.0000000000000000e-01   0.0000000000000000e+00   2.0000000000000000e+01   1.0000000000000000e+00   0.0000000000000000e+00
   2.8152379989624023e+00   1.0000000000000000e+01   5.0000000000000000e-01   0.0000000000000000e+00   2.0000000000000000e+01   1.0000000000000000e+00   0.0000000000000000e+00
   2.8201930522918701e+00   1.0000000000000000e+01   5.0000000000000000e-01   0.0000000000000000e+00   2.0000000000000000e+01   1.0000000000000000e+00   0.0000000000000000e+00
   2.8252120018005371e+00   1.0000000000000000e+01   5.0000000000000000e-01   0.0000000000000000e+00   2.0000000000000000e+01   1.0000000000000000e+00   0.0000000000000000e+00
   2.8301949501037598e+00   1.0000000000000000e+01   5.0000000000000000e-01   0.0000000000000000e+00   2.0000000000000000e+01   1.0000000000000000e+00   0.0000000000000000e+00
   2.8351519107818604e+00   1.0000000000000000e+01   5.0000000000000000e-01   0.0000000000000000e+00   2.0000000000000000e+01   1.0000000000000000e+00   0.0000000000000000e+00
