   0.0000000000000000e+00   0.0000000000000000e+00
   5.9870001859962940e-03   0.0000000000000000e+00
   1.0970000177621841e-02   0.0000000000000000e+00
   1.5956999734044075e-02   0.0000000000000000e+00
   2.0944999530911446e-02   0.0000000000000000e+00
   2.5931000709533691e-02   0.0000000000000000e+00
   3.0944000929594040e-02   0.0000000000000000e+00
   3.5934001207351685e-02   0.0000000000000000e+00
   4.0929000824689865e-02   0.0000000000000000e+00
   4.5905001461505890e-02   0.0000000000000000e+00
   5.0896000117063522e-02   0.0000000000000000e+00
   5.5853001773357391e-02   0.0000000000000000e+00
   6.0871001332998276e-02   0.0000000000000000e+00
   6.5857000648975372e-02   0.0000000000000000e+00
   7.0839002728462219e-02   0.0000000000000000e+00
   7.5796999037265778e-02   0.0000000000000000e+00
   8.0817997455596924e-02   0.0000000000000000e+00
   8.5804000496864319e-02   0.0000000000000000e+00
   9.0787999331951141e-02   0.0000000000000000e+00
   9.5771998167037964e-02   0.0000000000000000e+00
   1.0076399892568588e-01   0.0000000000000000e+00
   1.0571800172328949e-01   0.0000000000000000e+00
   1.1070500314235687e-01   0.0000000000000000e+00
   1.1569099873304367e-01   0.0000000000000000e+00
   1.2068399786949158e-01   0.0000000000000000e+00
   1.2566499412059784e-01   0.0000000000000000e+00
   1.3065099716186523e-01   0.0000000000000000e+00
   1.3563901185989380e-01   0.0000000000000000e+00
   1.4062799513339996e-01   0.0000000000000000e+00
   1.4563900232315063e-01   0.0000000000000000e+00
   1.5063400566577911e-01   0.0000000000000000e+00
   1.5558499097824097e-01   0.0000000000000000e+00
   1.6057200729846954e-01   0.0000000000000000e+00
   1.6558499634265900e-01   0.0000000000000000e+00
   1.7057800292968750e-01   0.0000000000000000e+00
   1.7553900182247162e-01   0.0000000000000000e+00
   1.8054899573326111e-01   0.0000000000000000e+00
   1.8553699553012848e-01   0.0000000000000000e+00
   1.9049501419067383e-01   0.0000000000000000e+00
   1.9550800323486328e-01   0.0000000000000000e+00
   2.0049999654293060e-01   0.0000000000000000e+00
   2.0546899735927582e-01   0.0000000000000000e+00
   2.1043799817562103e-01   0.0000000000000000e+00
   2.1545699238777161e-01   0.0000000000000000e+00
   2.2041200101375580e-01   0.0000000000000000e+00
   2.2542999684810638e-01   0.0000000000000000e+00
   2.3041799664497375e-01   0.0000000000000000e+00
   2.3540098965167999e-01   0.0000000000000000e+00
   2.4039299786090851e-01   0.0000000000000000e+00
   2.4537698924541473e-01   0.0000000000000000e+00
   2.5036400556564331e-01   0.0000000000000000e+00
   2.5531899929046631e-01   0.0000000000000000e+00
   2.6030498743057251e-01   0.0000000000000000e+00
   2.6532399654388428e-01   0.0000000000000000e+00
   2.7027800679206848e-01   0.0000000000000000e+00
   2.7529698610305786e-01   0.0000000000000000e+00
   2.8028699755668640e-01   0.0000000000000000e+00
   2.8527101874351501e-01   0.0000000000000000e+00
   2.9023000597953796e-01   0.0000000000000000e+00
   2.9523801803588867e-01   0.0000000000000000e+00
   3.0023100972175598e-01   0.0000000000000000e+00
   3.0518898367881775e-01   0.0000000000000000e+00
   3.1020799279212952e-01   0.0000000000000000e+00
   3.1515800952911377e-01   0.0000000000000000e+00
   3.2014498114585876e-01   0.0000000000000000e+00
   3.2513400912284851e-01   0.0000000000000000e+00
   3.3014398813247681e-01   0.0000000000000000e+00
   3.3513200283050537e-01   0.0000000000000000e+00
   3.4009200334548950e-01   0.0000000000000000e+00
   3.4511002898216248e-01   0.0000000000000000e+00
   3.5010099411010742e-01   0.0000000000000000e+00
   3.5508799552917480e-01   0.0000000000000000e+00
   3.6007300019264221e-01   0.0000000000000000e+00
   3.6505699157714844e-01   0.0000000000000000e+00
   3.7002900242805481e-01   0.0000000000000000e+00
   3.7501797080039978e-01   0.0000000000000000e+00
   3.8001698255538940e-01   0.0000000000000000e+00
   3.8500300049781799e-01   0.0000000000000000e+00
   3.9095500111579895e-01   0.0000000000000000e+00
   3.9596998691558838e-01   0.0000000000000000e+00
   4.0096098184585571e-01   0.0000000000000000e+00
   4.0591999888420105e-01   0.0000000000000000e+00
   4.1093200445175171e-01   0.0000000000000000e+00
   4.1592198610305786e-01   0.0000000000000000e+00
   4.2090299725532532e-01   0.0000000000000000e+00
   4.2589402198791504e-01   0.0000000000000000e+00
   4.3088099360466003e-01   0.0000000000000000e+00
   4.3586799502372742e-01   0.0000000000000000e+00
   4.4082400202751160e-01   0.0000000000000000e+00
   4.4585099816322327e-01   0.0000000000000000e+00
   4.5087102055549622e-01   0.0000000000000000e+00
   4.5582598447799683e-01   0.0000000000000000e+00
   4.6083399653434753e-01   0.0000000000000000e+00
   4.6582201123237610e-01   0.0000000000000000e+00
   4.7080999612808228e-01   0.0000000000000000e+00
   4.7580197453498840e-01   0.0000000000000000e+00
   4.8078599572181702e-01   0.0000000000000000e+00
   4.8578098416328430e-01   0.0000000000000000e+00
   4.9072900414466858e-01   0.0000000000000000e+00
   4.9574899673461914e-01   1.5000000000000000e+00
   5.0073498487472534e-01   1.5000000000000000e+00
   5.0569897890090942e-01   1.5000000000000000e+00
   5.1070201396942139e-01   5.0000000000000000e-01
   5.1568901538848877e-01   5.0000000000000000e-01
   5.2068197727203369e-01   5.0000000000000000e-01
   5.2563601732254028e-01   5.0000000000000000e-01
   5.3065598011016846e-01   5.0000000000000000e-01
   5.3564000129699707e-01   5.0000000000000000e-01
   5.4059594869613647e-01   5.0000000000000000e-01
   5.4558098316192627e-01   5.0000000000000000e-01
   5.5056697130203247e-01   5.0000000000000000e-01
   5.5556100606918335e-01   5.0000000000000000e-01
   5.6054198741912842e-01   5.0000000000000000e-01
   5.6552797555923462e-01   5.0000000000000000e-01
   5.7051396369934082e-01   5.0000000000000000e-01
   5.7550096511840820e-01   5.0000000000000000e-01
   5.8048802614212036e-01   5.0000000000000000e-01
   5.8550202846527100e-01   5.0000000000000000e-01
   5.9047299623489380e-01   5.0000000000000000e-01
   5.9547501802444458e-01   5.0000000000000000e-01
   6.0046899318695068e-01   5.0000000000000000e-01
   6.0545903444290161e-01   5.0000000000000000e-01
   6.1040800809860229e-01   5.0000000000000000e-01
   6.1542201042175293e-01   5.0000000000000000e-01
   6.2038201093673706e-01   5.0000000000000000e-01
   6.2536996603012085e-01   5.0000000000000000e-01
   6.3038700819015503e-01   5.0000000000000000e-01
   6.3535100221633911e-01   5.0000000000000000e-01
   6.4033102989196777e-01   5.0000000000000000e-01
   6.4534401893615723e-01   5.0000000000000000e-01
   6.5033704042434692e-01   5.0000000000000000e-01
   6.5528798103332520e-01   5.0000000000000000e-01
   6.6028797626495361e-01   5.0000000000000000e-01
   6.6526097059249878e-01   5.0000000000000000e-01
   6.7024797201156616e-01   5.0000000000000000e-01
   6.7523503303527832e-01   5.0000000000000000e-01
   6.8022102117538452e-01   5.0000000000000000e-01
   6.8520694971084595e-01   5.0000000000000000e-01
   6.9019997119903564e-01   5.0000000000000000e-01
   6.9518101215362549e-01   5.0000000000000000e-01
   7.0016801357269287e-01   5.0000000000000000e-01
   7.0515501499176025e-01   5.0000000000000000e-01
   7.1014201641082764e-01   5.0000000000000000e-01
   7.1512800455093384e-01   5.0000000000000000e-01
   7.2011595964431763e-01   5.0000000000000000e-01
   7.2510296106338501e-01   5.0000000000000000e-01
   7.3008799552917480e-01   5.0000000000000000e-01
   7.3507499694824219e-01   5.0000000000000000e-01
   7.4006700515747070e-01   5.0000000000000000e-01
   7.4504798650741577e-01   5.0000000000000000e-01
   7.5018900632858276e-01   5.0000000000000000e-01
   7.5517499446868896e-01   5.0000000000000000e-01
   7.6019895076751709e-01   5.0000000000000000e-01
   7.6518005132675171e-01   5.0000000000000000e-01
   7.7013701200485229e-01   5.0000000000000000e-01
   7.7515000104904175e-01   5.0000000000000000e-01
   7.8014004230499268e-01   5.0000000000000000e-01
   7.8512996435165405e-01   5.0000000000000000e-01
   7.9008603096008301e-01   5.0000000000000000e-01
   7.9509496688842773e-01   5.0000000000000000e-01
   8.0008697509765625e-01   5.0000000000000000e-01
   8.0505496263504028e-01   5.0000000000000000e-01
   8.1006097793579102e-01   5.0000000000000000e-01
   8.1504797935485840e-01   5.0000000000000000e-01
   8.2000195980072021e-01   5.0000000000000000e-01
   8.2502204179763794e-01   5.0000000000000000e-01
   8.3000397682189941e-01   5.0000000000000000e-01
   8.3599197864532471e-01   5.0000000000000000e-01
   8.4094899892807007e-01   5.0000000000000000e-01
   8.4596198797225952e-01   5.0000000000000000e-01
   8.5041499137878418e-01   5.0000000000000000e-01
   8.5539501905441284e-01   5.0000000000000000e-01
   8.6035400629043579e-01   5.0000000000000000e-01
   8.6536699533462524e-01   5.0000000000000000e-01
   8.7035799026489258e-01   5.0000000000000000e-01
   8.7534099817276001e-01   5.0000000000000000e-01
   8.8033205270767212e-01   5.0000000000000000e-01
   8.8528698682785034e-01   5.0000000000000000e-01
   8.9028602838516235e-01   5.0000000000000000e-01
   8.9528995752334595e-01   5.0000000000000000e-01
   9.0027999877929688e-01   5.0000000000000000e-01
   9.0523302555084229e-01   5.0000000000000000e-01
   9.1025400161743164e-01   5.0000000000000000e-01
   9.1520696878433228e-01   5.0000000000000000e-01
   9.2019397020339966e-01   5.0000000000000000e-01
   9.2518097162246704e-01   5.0000000000000000e-01
   9.3016695976257324e-01   5.0000000000000000e-01
   9.3515300750732422e-01   5.0000000000000000e-01
   9.4014203548431396e-01   5.0000000000000000e-01
   9.4512599706649780e-01   5.0000000000000000e-01
   9.5035594701766968e-01   5.0000000000000000e-01
   9.5534402132034302e-01   5.0000000000000000e-01
   9.6032899618148804e-01   5.0000000000000000e-01
   9.6531599760055542e-01   5.0000000000000000e-01
   9.7030299901962280e-01   5.0000000000000000e-01
   9.7529101371765137e-01   5.0000000000000000e-01
   9.8027503490447998e-01   5.0000000000000000e-01
   9.8526203632354736e-01   5.0000000000000000e-01
   9.9025297164916992e-01   5.0000000000000000e-01
   9.9523502588272095e-01   5.0000000000000000e-01
   1.0002330541610718e+00   5.0000000000000000e-01
   1.0052089691162109e+00   5.0000000000000000e-01
   1.0101959705352783e+00   5.0000000000000000e-01
   1.0151929855346680e+00   5.0000000000000000e-01
   1.0201749801635742e+00   5.0000000000000000e-01
   1.0251590013504028e+00   5.0000000000000000e-01
   1.0301420688629150e+00   5.0000000000000000e-01
   1.0351290702819824e+00   5.0000000000000000e-01
   1.0401250123977661e+00   5.0000000000000000e-01
   1.0451020002365112e+00   5.0000000000000000e-01
   1.0500890016555786e+00   5.0000000000000000e-01
   1.0550750494003296e+00   5.0000000000000000e-01
   1.0600609779357910e+00   5.0000000000000000e-01
   1.0650479793548584e+00   5.0000000000000000e-01
   1.0700639486312866e+00   5.0000000000000000e-01
   1.0750210285186768e+00   5.0000000000000000e-01
   1.0800420045852661e+00   5.0000000000000000e-01
   1.0850250720977783e+00   5.0000000000000000e-01
   1.0900039672851562e+00   5.0000000000000000e-01
   1.0959949493408203e+00   5.0000000000000000e-01
   1.1009520292282104e+00   5.0000000000000000e-01
   1.1059389114379883e+00   5.0000000000000000e-01
   1.1109259128570557e+00   5.0000000000000000e-01
   1.1159119606018066e+00   5.0000000000000000e-01
   1.1209009885787964e+00   5.0000000000000000e-01
   1.1258869171142578e+00   5.0000000000000000e-01
   1.1308729648590088e+00   5.0000000000000000e-01
   1.1358599662780762e+00   5.0000000000000000e-01
   1.1408458948135376e+00   5.0000000000000000e-01
   1.1458649635314941e+00   5.0000000000000000e-01
   1.1507490873336792e+00   5.0000000000000000e-01
   1.1557049751281738e+00   5.0000000000000000e-01
   1.1607179641723633e+00   5.0000000000000000e-01
   1.1657069921493530e+00   5.0000000000000000e-01
   1.1705499887466431e+00   5.0000000000000000e-01
   1.1755369901657104e+00   5.0000000000000000e-01
   1.1805549860000610e+00   5.0000000000000000e-01
   1.1855388879776001e+00   5.0000000000000000e-01
   1.1904290914535522e+00   5.0000000000000000e-01
   1.1954020261764526e+00   5.0000000000000000e-01
   1.2003589868545532e+00   5.0000000000000000e-01
   1.2053680419921875e+00   5.0000000000000000e-01
   1.2103320360183716e+00   5.0000000000000000e-01
   1.2153190374374390e+00   5.0000000000000000e-01
   1.2203060388565063e+00   5.0000000000000000e-01
   1.2252930402755737e+00   5.0000000000000000e-01
   1.2303149700164795e+00   5.0000000000000000e-01
   1.2352980375289917e+00   5.0000000000000000e-01
   1.2402530908584595e+00   5.0000000000000000e-01
   1.2452669143676758e+00   5.0000000000000000e-01
   1.2502239942550659e+00   5.0000000000000000e-01
   1.2552109956741333e+00   5.0000000000000000e-01
   1.2601979970932007e+00   5.0000000000000000e-01
   1.2651849985122681e+00   5.0000000000000000e-01
   1.2701710462570190e+00   5.0000000000000000e-01
   1.2751590013504028e+00   5.0000000000000000e-01
   1.2801439762115479e+00   5.0000000000000000e-01
   1.2851309776306152e+00   5.0000000000000000e-01
   1.2901209592819214e+00   5.0000000000000000e-01
   1.2951040267944336e+00   5.0000000000000000e-01
   1.3005959987640381e+00   5.0000000000000000e-01
   1.3055850267410278e+00   5.0000000000000000e-01
   1.3106108903884888e+00   5.0000000000000000e-01
   1.3155839443206787e+00   5.0000000000000000e-01
   1.3205429315567017e+00   5.0000000000000000e-01
   1.3255320787429810e+00   5.0000000000000000e-01
   1.3305180072784424e+00   5.0000000000000000e-01
   1.3355050086975098e+00   5.0000000000000000e-01
   1.3404920101165771e+00   5.0000000000000000e-01
   1.3454780578613281e+00   5.0000000000000000e-01
   1.3504639863967896e+00   5.0000000000000000e-01
   1.3554500341415405e+00   5.0000000000000000e-01
   1.3604359626770020e+00   5.0000000000000000e-01
   1.3654229640960693e+00   5.0000000000000000e-01
   1.3704379796981812e+00   5.0000000000000000e-01
   1.3754160404205322e+00   5.0000000000000000e-01
   1.3804199695587158e+00   5.0000000000000000e-01
   1.3853720426559448e+00   5.0000000000000000e-01
   1.3903601169586182e+00   5.0000000000000000e-01
   1.3953759670257568e+00   5.0000000000000000e-01
   1.4005891084671021e+00   5.0000000000000000e-01
   1.4055389165878296e+00   5.0000000000000000e-01
   1.4105529785156250e+00   5.0000000000000000e-01
   1.4155399799346924e+00   5.0000000000000000e-01
   1.4204999208450317e+00   5.0000000000000000e-01
   1.4254859685897827e+00   5.0000000000000000e-01
   1.4305059909820557e+00   5.0000000000000000e-01
   1.4354919195175171e+00   5.0000000000000000e-01
   1.4404489994049072e+00   5.0000000000000000e-01
   1.4454599618911743e+00   5.0000000000000000e-01
   1.4504200220108032e+00   5.0000000000000000e-01
   1.4554070234298706e+00   5.0000000000000000e-01
   1.4603929519653320e+00   5.0000000000000000e-01
   1.4653799533843994e+00   5.0000000000000000e-01
   1.4703750610351562e+00   5.0000000000000000e-01
   1.4753539562225342e+00   5.0000000000000000e-01
   1.4803400039672852e+00   5.0000000000000000e-01
   1.4853259325027466e+00   5.0000000000000000e-01
   1.4903149604797363e+00   5.0000000000000000e-01
   1.4953269958496094e+00   5.0000000000000000e-01
   1.5005819797515869e+00   5.0000000000000000e-01
   1.5055689811706543e+00   5.0000000000000000e-01
   1.5105229616165161e+00   5.0000000000000000e-01
   1.5155359506607056e+00   5.0000000000000000e-01
   1.5205279588699341e+00   5.0000000000000000e-01
   1.5254859924316406e+00   5.0000000000000000e-01
   1.5305010080337524e+00   5.0000000000000000e-01
   1.5354869365692139e+00   5.0000000000000000e-01
   1.5404629707336426e+00   5.0000000000000000e-01
   1.5454289913177490e+00   5.0000000000000000e-01
   1.5504159927368164e+00   5.0000000000000000e-01
   1.5554020404815674e+00   5.0000000000000000e-01
   1.5603890419006348e+00   5.0000000000000000e-01
   1.5654100179672241e+00   5.0000000000000000e-01
   1.5703619718551636e+00   5.0000000000000000e-01
   1.5753840208053589e+00   5.0000000000000000e-01
   1.5803689956665039e+00   5.0000000000000000e-01
   1.5853570699691772e+00   5.0000000000000000e-01
   1.5903110504150391e+00   5.0000000000000000e-01
   1.5952949523925781e+00   5.0000000000000000e-01
   1.6007860898971558e+00   5.0000000000000000e-01
   1.6057730913162231e+00   5.0000000000000000e-01
   1.6107590198516846e+00   5.0000000000000000e-01
   1.6157460212707520e+00   5.0000000000000000e-01
   1.6207339763641357e+00   5.0000000000000000e-01
   1.6257339715957642e+00   5.0000000000000000e-01
   1.6307069063186646e+00   5.0000000000000000e-01
   1.6356939077377319e+00   5.0000000000000000e-01
   1.6406809091567993e+00   5.0000000000000000e-01
   1.6456949710845947e+00   5.0000000000000000e-01
   1.6506539583206177e+00   5.0000000000000000e-01
   1.6556400060653687e+00   5.0000000000000000e-01
   1.6606268882751465e+00   5.0000000000000000e-01
   1.6656140089035034e+00   5.0000000000000000e-01
   1.6706010103225708e+00   5.0000000000000000e-01
   1.6755900382995605e+00   5.0000000000000000e-01
   1.6805739402770996e+00   5.0000000000000000e-01
   1.6855609416961670e+00   5.0000000000000000e-01
   1.6905490159988403e+00   5.0000000000000000e-01
   1.6955339908599854e+00   5.0000000000000000e-01
   1.7005199193954468e+00   5.0000000000000000e-01
   1.7055069208145142e+00   5.0000000000000000e-01
   1.7104939222335815e+00   5.0000000000000000e-01
   1.7155100107192993e+00   5.0000000000000000e-01
   1.7204679250717163e+00   5.0000000000000000e-01
   1.7254830598831177e+00   5.0000000000000000e-01
   1.7304719686508179e+00   5.0000000000000000e-01
   1.7354589700698853e+00   5.0000000000000000e-01
   1.7404180765151978e+00   5.0000000000000000e-01
   1.7454019784927368e+00   5.0000000000000000e-01
   1.7504210472106934e+00   5.0000000000000000e-01
   1.7554030418395996e+00   5.0000000000000000e-01
   1.7603590488433838e+00   1.0000000000000000e+00
   1.7653750181198120e+00   1.0000000000000000e+00
   1.7703609466552734e+00   1.0000000000000000e+00
   1.7753210067749023e+00   1.0000000000000000e+00
   1.7803349494934082e+00   1.0000000000000000e+00
   1.7853209972381592e+00   1.0000000000000000e+00
   1.7902829647064209e+00   1.0000000000000000e+00
   1.7952970266342163e+00   1.0000000000000000e+00
   1.8002890348434448e+00   1.0000000000000000e+00
   1.8052729368209839e+00   1.0000000000000000e+00
   1.8102289438247681e+00   1.0000000000000000e+00
   1.8152409791946411e+00   1.0000000000000000e+00
   1.8202269077301025e+00   1.0000000000000000e+00
   1.8251910209655762e+00   1.0000000000000000e+00
   1.8302030563354492e+00   1.0000000000000000e+00
   1.8351879119873047e+00   1.0000000000000000e+00
   1.8401479721069336e+00   1.0000000000000000e+00
   1.8451339006423950e+00   1.0000000000000000e+00
   1.8501209020614624e+00   1.0000000000000000e+00
   1.8551069498062134e+00   1.0000000000000000e+00
   1.8600950241088867e+00   1.0000000000000000e+00
   1.8650809526443481e+00   1.0000000000000000e+00
   1.8700760602951050e+00   1.0000000000000000e+00
   1.8750540018081665e+00   1.0000000000000000e+00
   1.8800399303436279e+00   1.0000000000000000e+00
   1.8850260972976685e+00   1.0000000000000000e+00
   1.8900480270385742e+00   1.0000000000000000e+00
   1.8950269222259521e+00   1.0000000000000000e+00
   1.9000189304351807e+00   1.0000000000000000e+00
   1.9050070047378540e+00   1.0000000000000000e+00
   1.9109579324722290e+00   1.0000000000000000e+00
   1.9159719944000244e+00   1.0000000000000000e+00
   1.9209629297256470e+00   1.0000000000000000e+00
   1.9259359836578369e+00   1.0000000000000000e+00
   1.9309369325637817e+00   1.0000000000000000e+00
   1.9359250068664551e+00   1.0000000000000000e+00
   1.9408779144287109e+00   1.0000000000000000e+00
   1.9458959102630615e+00   1.0000000000000000e+00
   1.9508879184722900e+00   1.0000000000000000e+00
   1.9558699131011963e+00   1.0000000000000000e+00
   1.9608249664306641e+00   1.0000000000000000e+00
   1.9658449888229370e+00   1.0000000000000000e+00
   1.9708269834518433e+00   1.0000000000000000e+00
   1.9757870435714722e+00   1.0000000000000000e+00
   1.9808028936386108e+00   1.0000000000000000e+00
   1.9857599735260010e+00   1.0000000000000000e+00
   1.9907690286636353e+00   1.0000000000000000e+00
   1.9957579374313354e+00   1.0000000000000000e+00
   2.0007500648498535e+00   1.0000000000000000e+00
   2.0057380199432373e+00   1.0000000000000000e+00
   2.0107018947601318e+00   1.0000000000000000e+00
   2.0157060623168945e+00   1.0000000000000000e+00
   2.0207040309906006e+00   1.0000000000000000e+00
   2.0256528854370117e+00   1.0000000000000000e+00
   2.0306370258331299e+00   1.0000000000000000e+00
   2.0356240272521973e+00   1.0000000000000000e+00
