   0.0000000000000000e+00
   5.9830001555383205e-03
   1.0975000448524952e-02
   1.5983000397682190e-02
   2.0969999954104424e-02
   2.5986999273300171e-02
   3.0949000269174576e-02
   3.5907000303268433e-02
   4.0440998971462250e-02
   4.5457001775503159e-02
   5.0411999225616455e-02
   5.5426999926567078e-02
   6.0391001403331757e-02
   6.5408997237682343e-02
   7.0385001599788666e-02
   7.5345002114772797e-02
   8.0348998308181763e-02
   8.5349000990390778e-02
   9.0315997600555420e-02
   9.5320001244544983e-02
   1.0029800236225128e-01
   1.0529600083827972e-01
   1.1028400063514709e-01
   1.1527000367641449e-01
   1.2023700028657913e-01
   1.2522800266742706e-01
   1.3019900023937225e-01
   1.3518498837947845e-01
   1.4017200469970703e-01
   1.4566799998283386e-01
   1.5066400170326233e-01
   1.5564098954200745e-01
   1.6063800454139709e-01
   1.6561399400234222e-01
   1.7060099542140961e-01
   1.7559599876403809e-01
   1.8057501316070557e-01
   1.8556098639965057e-01
   1.9054898619651794e-01
   1.9553400576114655e-01
   2.0052200555801392e-01
   2.0553500950336456e-01
   2.1050199866294861e-01
   2.1551600098609924e-01
   2.2046799957752228e-01
   2.2545400261878967e-01
   2.3047299683094025e-01
   2.3545999825000763e-01
   2.4067799746990204e-01
   2.4568499624729156e-01
   2.5064498186111450e-01
   2.5566300749778748e-01
   2.6061698794364929e-01
   2.6563698053359985e-01
   2.7062201499938965e-01
   2.7557697892189026e-01
   2.8059598803520203e-01
   2.8558400273323059e-01
   2.9057300090789795e-01
   2.9555100202560425e-01
   3.0052301287651062e-01
   3.0552399158477783e-01
   3.1051200628280640e-01
   3.1549698114395142e-01
   3.2045799493789673e-01
   3.2544401288032532e-01
   3.3043101429939270e-01
   3.3545199036598206e-01
   3.4064897894859314e-01
   3.4567001461982727e-01
   3.5065299272537231e-01
   3.5564300417900085e-01
   3.6061698198318481e-01
   3.6561501026153564e-01
   3.7060499191284180e-01
   3.7556198239326477e-01
   3.8054499030113220e-01
   3.8556399941444397e-01
   3.9051899313926697e-01
   3.9553099870681763e-01
   4.0050899982452393e-01
   4.0550598502159119e-01
   4.1048800945281982e-01
   4.1548401117324829e-01
   4.2043802142143250e-01
   4.2542499303817749e-01
   4.3044301867485046e-01
   4.3543002009391785e-01
   4.4084602594375610e-01
   4.4587001204490662e-01
   4.5082300901412964e-01
   4.5584100484848022e-01
   4.6081501245498657e-01
   4.6581402420997620e-01
   4.7080001235008240e-01
   4.7575500607490540e-01
   4.8077401518821716e-01
   4.8573198914527893e-01
   4.9092000722885132e-01
   4.9594202637672424e-01
   5.0089597702026367e-01
   5.0588297843933105e-01
   5.1090002059936523e-01
   5.1588600873947144e-01
   5.2087002992630005e-01
   5.2583003044128418e-01
   5.3084301948547363e-01
   5.3582900762557983e-01
   5.4080998897552490e-01
   5.4577600955963135e-01
   5.5078399181365967e-01
   5.5576300621032715e-01
   5.6075096130371094e-01
   5.6573599576950073e-01
   5.7072395086288452e-01
   5.7571303844451904e-01
   5.8069902658462524e-01
   5.8576303720474243e-01
   5.9069401025772095e-01
   5.9571003913879395e-01
   6.0109400749206543e-01
   6.0511302947998047e-01
   6.1008000373840332e-01
   6.1508798599243164e-01
   6.2007302045822144e-01
   6.2503898143768311e-01
   6.3005298376083374e-01
   6.3503301143646240e-01
   6.4002096652984619e-01
   6.4500600099563599e-01
   6.5100198984146118e-01
   6.5598797798156738e-01
   6.6093701124191284e-01
   6.6595596075057983e-01
   6.7094296216964722e-01
   6.7591601610183716e-01
   6.8088394403457642e-01
   6.8586999177932739e-01
   6.9085705280303955e-01
   6.9584298133850098e-01
   7.0084899663925171e-01
   7.0581704378128052e-01
   7.1080499887466431e-01
   7.1579003334045410e-01
   7.2077798843383789e-01
   7.2576498985290527e-01
   7.3075097799301147e-01
   7.3574000597000122e-01
   7.4073797464370728e-01
   7.4571001529693604e-01
   7.5069797039031982e-01
   7.5568300485610962e-01
   7.6067304611206055e-01
   7.6565700769424438e-01
   7.7064394950866699e-01
   7.7563399076461792e-01
   7.8062796592712402e-01
   7.8560298681259155e-01
   7.9058897495269775e-01
   7.9557597637176514e-01
   8.0056303739547729e-01
   8.0554896593093872e-01
   8.1053704023361206e-01
   8.1552302837371826e-01
   8.2051002979278564e-01
   8.2550001144409180e-01
   8.3048599958419800e-01
   8.3547002077102661e-01
   8.4045600891113281e-01
   8.4544199705123901e-01
   8.5043001174926758e-01
   8.5541599988937378e-01
   8.6041206121444702e-01
   8.6539000272750854e-01
   8.7037700414657593e-01
   8.7537997961044312e-01
   8.8034999370574951e-01
   8.8533699512481689e-01
   8.9033204317092896e-01
   8.9534199237823486e-01
   9.0029799938201904e-01
   9.0528303384780884e-01
   9.1027599573135376e-01
   9.1525703668594360e-01
   9.2024397850036621e-01
   9.2523097991943359e-01
   9.3024396896362305e-01
   9.3523097038269043e-01
   9.4021403789520264e-01
   9.4520395994186401e-01
   9.5020401477813721e-01
   9.5518100261688232e-01
   9.6014201641082764e-01
   9.6512198448181152e-01
   9.7010898590087891e-01
   9.7510099411010742e-01
   9.8008298873901367e-01
   9.8506897687911987e-01
   9.9005597829818726e-01
   9.9504601955413818e-01
   1.0000289678573608e+00
   1.0050159692764282e+00
   1.0100029706954956e+00
   1.0159859657287598e+00
   1.0209800004959106e+00
   1.0259629487991333e+00
   1.0309469699859619e+00
   1.0359330177307129e+00
   1.0409200191497803e+00
   1.0459059476852417e+00
   1.0508929491043091e+00
   1.0558799505233765e+00
   1.0608799457550049e+00
   1.0658869743347168e+00
   1.0708719491958618e+00
   1.0758349895477295e+00
   1.0808140039443970e+00
   1.0858570337295532e+00
   1.0908219814300537e+00
   1.0958060026168823e+00
   1.1007920503616333e+00
   1.1057800054550171e+00
   1.1107670068740845e+00
   1.1157529354095459e+00
   1.1207079887390137e+00
   1.1256959438323975e+00
   1.1307150125503540e+00
   1.1356999874114990e+00
   1.1406539678573608e+00
   1.1456719636917114e+00
   1.1506599187850952e+00
   1.1556459665298462e+00
   1.1606100797653198e+00
   1.1656199693679810e+00
   1.1706080436706543e+00
   1.1755650043487549e+00
   1.1805750131607056e+00
   1.1855659484863281e+00
   1.1905210018157959e+00
   1.1955389976501465e+00
   1.2004939317703247e+00
   1.2055139541625977e+00
   1.2104669809341431e+00
   1.2154870033264160e+00
   1.2204409837722778e+00
   1.2254279851913452e+00
   1.2304430007934570e+00
   1.2354360818862915e+00
   1.2404160499572754e+00
   1.2454069852828979e+00
   1.2503620386123657e+00
   1.2553789615631104e+00
   1.2603349685668945e+00
   1.2653529644012451e+00
   1.2703349590301514e+00
   1.2753109931945801e+00
   1.2803080081939697e+00
   1.2853000164031982e+00
   1.2902630567550659e+00
   1.2952719926834106e+00
   1.3002429008483887e+00
   1.3052459955215454e+00
   1.3102169036865234e+00
   1.3152049779891968e+00
   1.3204389810562134e+00
   1.3253970146179199e+00
   1.3303800821304321e+00
   1.3353660106658936e+00
   1.3403689861297607e+00
   1.3453670740127563e+00
   1.3503540754318237e+00
   1.3553400039672852e+00
   1.3601520061492920e+00
   1.3651651144027710e+00
   1.3704040050506592e+00
   1.3753639459609985e+00
   1.3804149627685547e+00
   1.3854050636291504e+00
   1.3903959989547729e+00
   1.3954169750213623e+00
   1.4004349708557129e+00
   1.4054239988327026e+00
   1.4103759527206421e+00
   1.4153959751129150e+00
   1.4203779697418213e+00
   1.4253400564193726e+00
   1.4308429956436157e+00
   1.4358249902725220e+00
   1.4407839775085449e+00
   1.4458050727844238e+00
   1.4507889747619629e+00
   1.4557750225067139e+00
   1.4601230621337891e+00
   1.4651459455490112e+00
   1.4701319932937622e+00
   1.4751129150390625e+00
   1.4800999164581299e+00
   1.4850599765777588e+00
   1.4900740385055542e+00
   1.4950329065322876e+00
   1.5000469684600830e+00
   1.5050389766693115e+00
   1.5110080242156982e+00
   1.5150109529495239e+00
   1.5200049877166748e+00
   1.5259510278701782e+00
   1.5309629440307617e+00
   1.5359228849411011e+00
   1.5409369468688965e+00
   1.5459239482879639e+00
   1.5509099960327148e+00
   1.5558969974517822e+00
   1.5608611106872559e+00
   1.5658439397811890e+00
   1.5708650350570679e+00
   1.5758210420608521e+00
   1.5808029174804688e+00
   1.5858108997344971e+00
   1.5907769203186035e+00
   1.5957899093627930e+00
   1.6007499694824219e+00
   1.6057639122009277e+00
   1.6104760169982910e+00
   1.6154919862747192e+00
   1.6204760074615479e+00
   1.6254640817642212e+00
   1.6300450563430786e+00
   1.6350070238113403e+00
   1.6400480270385742e+00
   1.6450059413909912e+00
   1.6500419378280640e+00
   1.6550370454788208e+00
   1.6604239940643311e+00
   1.6654239892959595e+00
   1.6703370809555054e+00
   1.6753660440444946e+00
   1.6803700923919678e+00
   1.6853319406509399e+00
   1.6903759241104126e+00
   1.6953359842300415e+00
   1.7003810405731201e+00
   1.7053680419921875e+00
   1.7102950811386108e+00
   1.7153130769729614e+00
   1.7203299999237061e+00
   1.7253570556640625e+00
   1.7303389310836792e+00
   1.7353539466857910e+00
   1.7403709888458252e+00
   1.7453390359878540e+00
   1.7503759860992432e+00
   1.7553620338439941e+00
   1.7604920864105225e+00
   1.7655060291290283e+00
   1.7706100940704346e+00
   1.7755960226058960e+00
   1.7806129455566406e+00
   1.7856270074844360e+00
   1.7906659841537476e+00
   1.7956210374832153e+00
   1.8006709814071655e+00
   1.8056579828262329e+00
   1.8108309507369995e+00
   1.8158249855041504e+00
   1.8208039999008179e+00
   1.8257910013198853e+00
   1.8308080434799194e+00
   1.8357959985733032e+00
   1.8407829999923706e+00
   1.8457700014114380e+00
   1.8507239818572998e+00
   1.8557429313659668e+00
   1.8605740070343018e+00
   1.8655921220779419e+00
   1.8705788850784302e+00
   1.8755599260330200e+00
   1.8805199861526489e+00
   1.8855381011962891e+00
   1.8904939889907837e+00
   1.8954950571060181e+00
   1.9004999399185181e+00
   1.9054850339889526e+00
   1.9104440212249756e+00
   1.9154630899429321e+00
   1.9204419851303101e+00
   1.9253990650177002e+00
   1.9303860664367676e+00
   1.9353780746459961e+00
   1.9403609037399292e+00
   1.9453760385513306e+00
   1.9503329992294312e+00
   1.9553529024124146e+00
   1.9603079557418823e+00
   1.9653220176696777e+00
   1.9703079462051392e+00
   1.9752810001373291e+00
   1.9802809953689575e+00
   1.9852459430694580e+00
   1.9902549982070923e+00
   1.9952319860458374e+00
   2.0002019405364990e+00
   2.0051860809326172e+00
   2.0101740360260010e+00
   2.0151591300964355e+00
   2.0201461315155029e+00
   2.0251319408416748e+00
   2.0301189422607422e+00
   2.0351059436798096e+00
   2.0400929450988770e+00
   2.0450859069824219e+00
   2.0500659942626953e+00
   2.0550529956817627e+00
   2.0600838661193848e+00
   2.0650539398193359e+00
   2.0700309276580811e+00
   2.0750319957733154e+00
   2.0810170173645020e+00
   2.0850059986114502e+00
   2.0909910202026367e+00
   2.0959758758544922e+00
   2.1009640693664551e+00
   2.1059460639953613e+00
   2.1109089851379395e+00
   2.1159238815307617e+00
   2.1208779811859131e+00
   2.1258630752563477e+00
   2.1308820247650146e+00
   2.1358458995819092e+00
   2.1408550739288330e+00
   2.1458151340484619e+00
   2.1507990360260010e+00
   2.1558158397674561e+00
   2.1608560085296631e+00
   2.1658601760864258e+00
   2.1708469390869141e+00
   2.1758270263671875e+00
   2.1808609962463379e+00
   2.1858689785003662e+00
   2.1908328533172607e+00
   2.1958210468292236e+00
