   0.0000000000000000e+00   0.0000000000000000e+00
   5.9830001555383205e-03   0.0000000000000000e+00
   1.0968999937176704e-02   0.0000000000000000e+00
   1.5956999734044075e-02   0.0000000000000000e+00
   2.0942000672221184e-02   0.0000000000000000e+00
   2.5929000228643417e-02   0.0000000000000000e+00
   3.0914999544620514e-02   0.0000000000000000e+00
   3.5900998860597610e-02   0.0000000000000000e+00
   4.0888000279664993e-02   0.0000000000000000e+00
   4.5908998697996140e-02   0.0000000000000000e+00
   5.0889998674392700e-02   0.0000000000000000e+00
   5.5876001715660095e-02   0.0000000000000000e+00
   6.0837998986244202e-02   0.0000000000000000e+00
   6.5824002027511597e-02   0.0000000000000000e+00
   7.0846997201442719e-02   0.0000000000000000e+00
   7.5796999037265778e-02   0.0000000000000000e+00
   8.0782003700733185e-02   0.0000000000000000e+00
   8.5771001875400543e-02   0.0000000000000000e+00
   9.0784996747970581e-02   0.0000000000000000e+00
   9.5743000507354736e-02   0.0000000000000000e+00
   1.0076200217008591e-01   0.0000000000000000e+00
   1.0574299842119217e-01   0.0000000000000000e+00
   1.1070200055837631e-01   0.0000000000000000e+00
   1.1572699993848801e-01   0.0000000000000000e+00
   1.2070800364017487e-01   0.0000000000000000e+00
   1.2566100060939789e-01   0.0000000000000000e+00
   1.3065899908542633e-01   0.0000000000000000e+00
   1.3563400506973267e-01   0.0000000000000000e+00
   1.4062099158763885e-01   0.0000000000000000e+00
   1.4562301337718964e-01   0.0000000000000000e+00
   1.5059399604797363e-01   0.0000000000000000e+00
   1.5558099746704102e-01   0.0000000000000000e+00
   1.6056999564170837e-01   0.0000000000000000e+00
   1.6555599868297577e-01   0.0000000000000000e+00
   1.7054098844528198e-01   0.0000000000000000e+00
   1.7552800476551056e-01   0.0000000000000000e+00
   1.8051500618457794e-01   0.0000000000000000e+00
   1.8550099432468414e-01   0.0000000000000000e+00
   1.9048799574375153e-01   0.0000000000000000e+00
   1.9547599554061890e-01   0.0000000000000000e+00
   2.0046098530292511e-01   0.0000000000000000e+00
   2.0544800162315369e-01   0.0000000000000000e+00
   2.1043500304222107e-01   0.0000000000000000e+00
   2.1542300283908844e-01   0.0000000000000000e+00
   2.2040799260139465e-01   0.0000000000000000e+00
   2.2539399564266205e-01   0.0000000000000000e+00
   2.3038199543952942e-01   0.0000000000000000e+00
   2.3536799848079681e-01   0.0000000000000000e+00
   2.4035400152206421e-01   0.0000000000000000e+00
   2.4534301459789276e-01   0.0000000000000000e+00
   2.5032898783683777e-01   0.0000000000000000e+00
   2.5531399250030518e-01   0.0000000000000000e+00
   2.6030099391937256e-01   0.0000000000000000e+00
   2.6528799533843994e-01   0.0000000000000000e+00
   2.7027398347854614e-01   0.0000000000000000e+00
   2.7526098489761353e-01   0.0000000000000000e+00
   2.8024899959564209e-01   0.0000000000000000e+00
   2.8523397445678711e-01   0.0000000000000000e+00
   2.9022100567817688e-01   0.0000000000000000e+00
   2.9521998763084412e-01   0.0000000000000000e+00
   3.0019399523735046e-01   0.0000000000000000e+00
   3.0518099665641785e-01   0.0000000000000000e+00
   3.1017300486564636e-01   0.0000000000000000e+00
   3.1515499949455261e-01   0.0000000000000000e+00
   3.2014098763465881e-01   0.0000000000000000e+00
   3.2512798905372620e-01   0.0000000000000000e+00
   3.3013099431991577e-01   0.0000000000000000e+00
   3.3510097861289978e-01   0.0000000000000000e+00
   3.4008800983428955e-01   0.0000000000000000e+00
   3.4507697820663452e-01   0.0000000000000000e+00
   3.5006099939346313e-01   0.0000000000000000e+00
   3.5504999756813049e-01   0.0000000000000000e+00
   3.6003500223159790e-01   0.0000000000000000e+00
   3.6502400040626526e-01   0.0000000000000000e+00
   3.7000799179077148e-01   0.0000000000000000e+00
   3.7599200010299683e-01   0.0000000000000000e+00
   3.8097900152206421e-01   0.0000000000000000e+00
   3.8596600294113159e-01   0.0000000000000000e+00
   3.9095199108123779e-01   0.0000000000000000e+00
   3.9595198631286621e-01   0.0000000000000000e+00
   4.0092498064041138e-01   0.0000000000000000e+00
   4.0591201186180115e-01   0.0000000000000000e+00
   4.1089901328086853e-01   0.0000000000000000e+00
   4.1588699817657471e-01   0.0000000000000000e+00
   4.2087200284004211e-01   0.0000000000000000e+00
   4.2588701844215393e-01   0.0000000000000000e+00
   4.3086701631546021e-01   0.0000000000000000e+00
   4.3585401773452759e-01   0.0000000000000000e+00
   4.4084602594375610e-01   0.0000000000000000e+00
   4.4580700993537903e-01   0.0000000000000000e+00
   4.5082598924636841e-01   0.0000000000000000e+00
   4.5581200718879700e-01   0.0000000000000000e+00
   4.6079501509666443e-01   0.0000000000000000e+00
   4.6577101945877075e-01   0.0000000000000000e+00
   4.7077402472496033e-01   0.0000000000000000e+00
   4.7575899958610535e-01   0.0000000000000000e+00
   4.8071199655532837e-01   0.0000000000000000e+00
   4.8572701215744019e-01   0.0000000000000000e+00
   4.9071800708770752e-01   0.0000000000000000e+00
   4.9570900201797485e-01   0.0000000000000000e+00
   5.0069499015808105e-01   0.0000000000000000e+00
   5.0567501783370972e-01   0.0000000000000000e+00
   5.1066499948501587e-01   0.0000000000000000e+00
   5.1565301418304443e-01   0.0000000000000000e+00
   5.2063798904418945e-01   0.0000000000000000e+00
   5.2562499046325684e-01   0.0000000000000000e+00
   5.3057998418807983e-01   0.0000000000000000e+00
   5.3559899330139160e-01   0.0000000000000000e+00
   5.4058802127838135e-01   0.0000000000000000e+00
   5.4554295539855957e-01   0.0000000000000000e+00
   5.5055999755859375e-01   0.0000000000000000e+00
   5.5554598569869995e-01   0.0000000000000000e+00
   5.6050801277160645e-01   0.0000000000000000e+00
   5.6520801782608032e-01   0.0000000000000000e+00
   5.7023096084594727e-01   0.0000000000000000e+00
   5.7521796226501465e-01   0.0000000000000000e+00
   5.8018803596496582e-01   0.0000000000000000e+00
   5.8519202470779419e-01   0.0000000000000000e+00
   5.9017699956893921e-01   0.0000000000000000e+00
   5.9513598680496216e-01   0.0000000000000000e+00
   6.0015499591827393e-01   0.0000000000000000e+00
   6.0513901710510254e-01   0.0000000000000000e+00
   6.1013299226760864e-01   0.0000000000000000e+00
   6.1511099338531494e-01   0.0000000000000000e+00
   6.2009799480438232e-01   0.0000000000000000e+00
   6.2508404254913330e-01   0.0000000000000000e+00
   6.3007503747940063e-01   0.0000000000000000e+00
   6.3505798578262329e-01   0.0000000000000000e+00
   6.4004403352737427e-01   0.0000000000000000e+00
   6.4500099420547485e-01   0.0000000000000000e+00
   6.5098297595977783e-01   0.0000000000000000e+00
   6.5597099065780640e-01   0.0000000000000000e+00
   6.6095799207687378e-01   0.0000000000000000e+00
   6.6594505310058594e-01   0.0000000000000000e+00
   6.7092996835708618e-01   0.0000000000000000e+00
   6.7591804265975952e-01   0.0000000000000000e+00
   6.8091100454330444e-01   0.0000000000000000e+00
   6.8588995933532715e-01   0.0000000000000000e+00
   6.9087600708007812e-01   0.0000000000000000e+00
   6.9586402177810669e-01   0.0000000000000000e+00
   7.0087802410125732e-01   0.0000000000000000e+00
   7.0586401224136353e-01   0.0000000000000000e+00
   7.1082401275634766e-01   0.0000000000000000e+00
   7.1584695577621460e-01   0.0000000000000000e+00
   7.2082901000976562e-01   0.0000000000000000e+00
   7.2581499814987183e-01   0.0000000000000000e+00
   7.3077195882797241e-01   0.0000000000000000e+00
   7.3579096794128418e-01   0.0000000000000000e+00
   7.4077600240707397e-01   0.0000000000000000e+00
   7.4539095163345337e-01   0.0000000000000000e+00
   7.5034999847412109e-01   0.0000000000000000e+00
   7.5533598661422729e-01   0.0000000000000000e+00
   7.6032394170761108e-01   0.0000000000000000e+00
   7.6531302928924561e-01   0.0000000000000000e+00
   7.7029299736022949e-01   0.0000000000000000e+00
   7.7528601884841919e-01   0.0000000000000000e+00
   7.8027999401092529e-01   0.0000000000000000e+00
   7.8525602817535400e-01   0.0000000000000000e+00
   7.9024398326873779e-01   0.0000000000000000e+00
   7.9519897699356079e-01   0.0000000000000000e+00
   8.0021703243255615e-01   0.0000000000000000e+00
   8.0520802736282349e-01   0.0000000000000000e+00
   8.1019198894500732e-01   0.0000000000000000e+00
   8.1514596939086914e-01   0.0000000000000000e+00
   8.2016301155090332e-01   0.0000000000000000e+00
   8.2515001296997070e-01   0.0000000000000000e+00
   8.3013600111007690e-01   0.0000000000000000e+00
   8.3512300252914429e-01   0.0000000000000000e+00
   8.4011000394821167e-01   0.0000000000000000e+00
   8.4507697820663452e-01   0.0000000000000000e+00
   8.5078597068786621e-01   0.0000000000000000e+00
   8.5577297210693359e-01   0.0000000000000000e+00
   8.6076301336288452e-01   0.0000000000000000e+00
   8.6579000949859619e-01   0.0000000000000000e+00
   8.7076801061630249e-01   0.0000000000000000e+00
   8.7575501203536987e-01   0.0000000000000000e+00
   8.8074702024459839e-01   0.0000000000000000e+00
   8.8576602935791016e-01   0.0000000000000000e+00
   8.9078503847122192e-01   0.0000000000000000e+00
   8.9577299356460571e-01   0.0000000000000000e+00
   9.0076100826263428e-01   0.0000000000000000e+00
   9.0575003623962402e-01   0.0000000000000000e+00
   9.1076695919036865e-01   0.0000000000000000e+00
   9.1577297449111938e-01   0.0000000000000000e+00
   9.2072200775146484e-01   0.0000000000000000e+00
   9.2571002244949341e-01   0.0000000000000000e+00
   9.3070000410079956e-01   0.0000000000000000e+00
   9.3568497896194458e-01   0.0000000000000000e+00
   9.4067096710205078e-01   0.0000000000000000e+00
   9.4569599628448486e-01   0.0000000000000000e+00
   9.5067799091339111e-01   0.0000000000000000e+00
   9.5566505193710327e-01   0.0000000000000000e+00
   9.6062004566192627e-01   0.0000000000000000e+00
   9.6563500165939331e-01   0.0000000000000000e+00
   9.7062599658966064e-01   0.0000000000000000e+00
   9.7560799121856689e-01   0.0000000000000000e+00
   9.8057705163955688e-01   0.0000000000000000e+00
   9.8557400703430176e-01   0.0000000000000000e+00
   9.9055898189544678e-01   1.0000000000000000e+00
   9.9552798271179199e-01   1.0000000000000000e+00
   1.0005439519882202e+00   5.0000000000000000e-01
   1.0055320262908936e+00   5.0000000000000000e-01
   1.0104860067367554e+00   5.0000000000000000e-01
   1.0154930353164673e+00   5.0000000000000000e-01
   1.0204609632492065e+00   5.0000000000000000e-01
   1.0254449844360352e+00   5.0000000000000000e-01
   1.0304340124130249e+00   5.0000000000000000e-01
   1.0354180335998535e+00   5.0000000000000000e-01
   1.0404050350189209e+00   5.0000000000000000e-01
   1.0454030036926270e+00   5.0000000000000000e-01
   1.0503779649734497e+00   5.0000000000000000e-01
   1.0553649663925171e+00   5.0000000000000000e-01
   1.0603519678115845e+00   5.0000000000000000e-01
   1.0653389692306519e+00   5.0000000000000000e-01
   1.0703250169754028e+00   5.0000000000000000e-01
   1.0753129720687866e+00   5.0000000000000000e-01
   1.0803040266036987e+00   5.0000000000000000e-01
   1.0852860212326050e+00   5.0000000000000000e-01
   1.0902730226516724e+00   5.0000000000000000e-01
   1.0952910184860229e+00   5.0000000000000000e-01
   1.1002460718154907e+00   5.0000000000000000e-01
   1.1052330732345581e+00   5.0000000000000000e-01
   1.1102200746536255e+00   5.0000000000000000e-01
   1.1152219772338867e+00   5.0000000000000000e-01
   1.1201930046081543e+00   5.0000000000000000e-01
   1.1251790523529053e+00   5.0000000000000000e-01
   1.1301720142364502e+00   5.0000000000000000e-01
   1.1351530551910400e+00   5.0000000000000000e-01
   1.1401389837265015e+00   5.0000000000000000e-01
   1.1451300382614136e+00   5.0000000000000000e-01
   1.1501129865646362e+00   5.0000000000000000e-01
   1.1550990343093872e+00   5.0000000000000000e-01
   1.1600869894027710e+00   5.0000000000000000e-01
   1.1650739908218384e+00   5.0000000000000000e-01
   1.1700879335403442e+00   5.0000000000000000e-01
   1.1750730276107788e+00   5.0000000000000000e-01
   1.1800650358200073e+00   5.0000000000000000e-01
   1.1850470304489136e+00   5.0000000000000000e-01
   1.1900330781936646e+00   5.0000000000000000e-01
   1.1950439214706421e+00   5.0000000000000000e-01
   1.2000060081481934e+00   5.0000000000000000e-01
   1.2059919834136963e+00   5.0000000000000000e-01
   1.2109770774841309e+00   5.0000000000000000e-01
   1.2159399986267090e+00   5.0000000000000000e-01
   1.2209230661392212e+00   5.0000000000000000e-01
   1.2259120941162109e+00   5.0000000000000000e-01
   1.2308989763259888e+00   5.0000000000000000e-01
   1.2358829975128174e+00   5.0000000000000000e-01
   1.2408690452575684e+00   5.0000000000000000e-01
   1.2458759546279907e+00   5.0000000000000000e-01
   1.2508430480957031e+00   5.0000000000000000e-01
   1.2558300495147705e+00   5.0000000000000000e-01
   1.2608349323272705e+00   5.0000000000000000e-01
   1.2658129930496216e+00   5.0000000000000000e-01
   1.2707899808883667e+00   5.0000000000000000e-01
   1.2757788896560669e+00   5.0000000000000000e-01
   1.2807650566101074e+00   5.0000000000000000e-01
   1.2857780456542969e+00   5.0000000000000000e-01
   1.2907639741897583e+00   5.0000000000000000e-01
   1.2957369089126587e+00   5.0000000000000000e-01
   1.3007090091705322e+00   5.0000000000000000e-01
   1.3056970834732056e+00   5.0000000000000000e-01
   1.3107019662857056e+00   5.0000000000000000e-01
   1.3157069683074951e+00   5.0000000000000000e-01
   1.3206890821456909e+00   5.0000000000000000e-01
   1.3256760835647583e+00   5.0000000000000000e-01
   1.3306339979171753e+00   5.0000000000000000e-01
   1.3356490135192871e+00   5.0000000000000000e-01
   1.3406350612640381e+00   5.0000000000000000e-01
   1.3455920219421387e+00   5.0000000000000000e-01
   1.3506059646606445e+00   5.0000000000000000e-01
   1.3555910587310791e+00   5.0000000000000000e-01
   1.3605830669403076e+00   5.0000000000000000e-01
   1.3655509948730469e+00   5.0000000000000000e-01
   1.3705240488052368e+00   5.0000000000000000e-01
   1.3755099773406982e+00   5.0000000000000000e-01
   1.3804988861083984e+00   5.0000000000000000e-01
   1.3854830265045166e+00   5.0000000000000000e-01
   1.3904700279235840e+00   5.0000000000000000e-01
   1.3954730033874512e+00   5.0000000000000000e-01
   1.4004429578781128e+00   5.0000000000000000e-01
   1.4054290056228638e+00   5.0000000000000000e-01
   1.4104160070419312e+00   5.0000000000000000e-01
   1.4154050350189209e+00   5.0000000000000000e-01
   1.4204180240631104e+00   5.0000000000000000e-01
   1.4254050254821777e+00   5.0000000000000000e-01
   1.4303650856018066e+00   5.0000000000000000e-01
   1.4353840351104736e+00   5.0000000000000000e-01
   1.4403700828552246e+00   5.0000000000000000e-01
   1.4453250169754028e+00   5.0000000000000000e-01
   1.4503370523452759e+00   5.0000000000000000e-01
   1.4553240537643433e+00   5.0000000000000000e-01
   1.4603430032730103e+00   5.0000000000000000e-01
   1.4652729034423828e+00   5.0000000000000000e-01
   1.4702570438385010e+00   5.0000000000000000e-01
   1.4752429723739624e+00   5.0000000000000000e-01
   1.4802550077438354e+00   5.0000000000000000e-01
   1.4852169752120972e+00   5.0000000000000000e-01
   1.4902030229568481e+00   5.0000000000000000e-01
   1.4951910972595215e+00   5.0000000000000000e-01
   1.5002040863037109e+00   5.0000000000000000e-01
   1.5051919221878052e+00   5.0000000000000000e-01
   1.5101770162582397e+00   5.0000000000000000e-01
   1.5151370763778687e+00   5.0000000000000000e-01
   1.5201500654220581e+00   5.0000000000000000e-01
   1.5251370668411255e+00   5.0000000000000000e-01
   1.5300989151000977e+00   5.0000000000000000e-01
   1.5350850820541382e+00   5.0000000000000000e-01
   1.5400700569152832e+00   5.0000000000000000e-01
   1.5450559854507446e+00   5.0000000000000000e-01
   1.5500429868698120e+00   5.0000000000000000e-01
   1.5550290346145630e+00   5.0000000000000000e-01
   1.5600169897079468e+00   5.0000000000000000e-01
   1.5650069713592529e+00   5.0000000000000000e-01
   1.5700169801712036e+00   5.0000000000000000e-01
   1.5759730339050293e+00   5.0000000000000000e-01
   1.5809609889984131e+00   5.0000000000000000e-01
   1.5859470367431641e+00   5.0000000000000000e-01
   1.5909620523452759e+00   5.0000000000000000e-01
   1.5959240198135376e+00   5.0000000000000000e-01
   1.6009359359741211e+00   5.0000000000000000e-01
   1.6059221029281616e+00   5.0000000000000000e-01
   1.6109080314636230e+00   5.0000000000000000e-01
   1.6158729791641235e+00   5.0000000000000000e-01
   1.6208810806274414e+00   5.0000000000000000e-01
   1.6258959770202637e+00   5.0000000000000000e-01
   1.6308310031890869e+00   5.0000000000000000e-01
   1.6358410120010376e+00   5.0000000000000000e-01
   1.6407999992370605e+00   5.0000000000000000e-01
   1.6457870006561279e+00   5.0000000000000000e-01
   1.6508020162582397e+00   5.0000000000000000e-01
   1.6557880640029907e+00   5.0000000000000000e-01
   1.6607758998870850e+00   5.0000000000000000e-01
   1.6657369136810303e+00   5.0000000000000000e-01
   1.6707479953765869e+00   5.0000000000000000e-01
   1.6757349967956543e+00   5.0000000000000000e-01
   1.6806950569152832e+00   5.0000000000000000e-01
   1.6857110261917114e+00   5.0000000000000000e-01
   1.6906950473785400e+00   5.0000000000000000e-01
   1.6957199573516846e+00   5.0000000000000000e-01
   1.7006679773330688e+00   5.0000000000000000e-01
   1.7056550979614258e+00   5.0000000000000000e-01
   1.7106139659881592e+00   5.0000000000000000e-01
   1.7156269550323486e+00   5.0000000000000000e-01
   1.7206090688705444e+00   5.0000000000000000e-01
   1.7256029844284058e+00   5.0000000000000000e-01
   1.7305920124053955e+00   5.0000000000000000e-01
   1.7355740070343018e+00   5.0000000000000000e-01
   1.7405610084533691e+00   5.0000000000000000e-01
   1.7455220222473145e+00   5.0000000000000000e-01
   1.7505340576171875e+00   5.0000000000000000e-01
   1.7555210590362549e+00   5.0000000000000000e-01
   1.7605149745941162e+00   5.0000000000000000e-01
   1.7654690742492676e+00   5.0000000000000000e-01
   1.7704889774322510e+00   5.0000000000000000e-01
   1.7754729986190796e+00   5.0000000000000000e-01
   1.7804619073867798e+00   5.0000000000000000e-01
   1.7854470014572144e+00   5.0000000000000000e-01
   1.7904009819030762e+00   5.0000000000000000e-01
   1.7953870296478271e+00   5.0000000000000000e-01
   1.8004070520401001e+00   5.0000000000000000e-01
   1.8053940534591675e+00   5.0000000000000000e-01
   1.8103820085525513e+00   5.0000000000000000e-01
   1.8153369426727295e+00   5.0000000000000000e-01
   1.8203530311584473e+00   5.0000000000000000e-01
   1.8253400325775146e+00   5.0000000000000000e-01
   1.8302960395812988e+00   5.0000000000000000e-01
   1.8353130817413330e+00   5.0000000000000000e-01
   1.8403010368347168e+00   5.0000000000000000e-01
   1.8452540636062622e+00   5.0000000000000000e-01
   1.8502410650253296e+00   5.0000000000000000e-01
   1.8552269935607910e+00   5.0000000000000000e-01
   1.8602420091629028e+00   5.0000000000000000e-01
   1.8652189970016479e+00   5.0000000000000000e-01
   1.8702150583267212e+00   5.0000000000000000e-01
   1.8752009868621826e+00   5.0000000000000000e-01
   1.8801640272140503e+00   5.0000000000000000e-01
   1.8851770162582397e+00   5.0000000000000000e-01
   1.8901610374450684e+00   5.0000000000000000e-01
   1.8951309919357300e+00   5.0000000000000000e-01
   1.9001339673995972e+00   5.0000000000000000e-01
   1.9051200151443481e+00   5.0000000000000000e-01
   1.9101090431213379e+00   5.0000000000000000e-01
   1.9150691032409668e+00   5.0000000000000000e-01
   1.9200829267501831e+00   5.0000000000000000e-01
   1.9250699281692505e+00   5.0000000000000000e-01
   1.9300290346145630e+00   5.0000000000000000e-01
   1.9350420236587524e+00   5.0000000000000000e-01
   1.9400280714035034e+00   5.0000000000000000e-01
   1.9450150728225708e+00   5.0000000000000000e-01
   1.9500060081481934e+00   5.0000000000000000e-01
   1.9559910297393799e+00   5.0000000000000000e-01
   1.9609810113906860e+00   5.0000000000000000e-01
   1.9659879207611084e+00   5.0000000000000000e-01
   1.9709450006484985e+00   5.0000000000000000e-01
   1.9759320020675659e+00   5.0000000000000000e-01
   1.9808939695358276e+00   5.0000000000000000e-01
   1.9859069585800171e+00   5.0000000000000000e-01
   1.9908909797668457e+00   5.0000000000000000e-01
   1.9958720207214355e+00   5.0000000000000000e-01
   2.0008659362792969e+00   5.0000000000000000e-01
   2.0058529376983643e+00   5.0000000000000000e-01
   2.0108120441436768e+00   5.0000000000000000e-01
   2.0157999992370605e+00   5.0000000000000000e-01
   2.0208189487457275e+00   5.0000000000000000e-01
   2.0257990360260010e+00   5.0000000000000000e-01
   2.0307791233062744e+00   5.0000000000000000e-01
   2.0357720851898193e+00   5.0000000000000000e-01
   2.0407581329345703e+00   5.0000000000000000e-01
   2.0457289218902588e+00   5.0000000000000000e-01
   2.0507431030273438e+00   5.0000000000000000e-01
   2.0557689666748047e+00   5.0000000000000000e-01
   2.0607569217681885e+00   5.0000000000000000e-01
   2.0657291412353516e+00   5.0000000000000000e-01
   2.0707130432128906e+00   5.0000000000000000e-01
   2.0757129192352295e+00   5.0000000000000000e-01
   2.0806670188903809e+00   5.0000000000000000e-01
   2.0856821537017822e+00   5.0000000000000000e-01
   2.0906691551208496e+00   5.0000000000000000e-01
   2.0956549644470215e+00   5.0000000000000000e-01
   2.1006429195404053e+00   5.0000000000000000e-01
   2.1056370735168457e+00   5.0000000000000000e-01
   2.1105871200561523e+00   5.0000000000000000e-01
   2.1155760288238525e+00   5.0000000000000000e-01
   2.1205599308013916e+00   5.0000000000000000e-01
   2.1255469322204590e+00   5.0000000000000000e-01
   2.1305401325225830e+00   5.0000000000000000e-01
   2.1355199813842773e+00   5.0000000000000000e-01
   2.1405389308929443e+00   5.0000000000000000e-01
   2.1454949378967285e+00   5.0000000000000000e-01
   2.1505129337310791e+00   5.0000000000000000e-01
   2.1554999351501465e+00   5.0000000000000000e-01
   2.1604919433593750e+00   5.0000000000000000e-01
   2.1655189990997314e+00   5.0000000000000000e-01
   2.1704990863800049e+00   5.0000000000000000e-01
   2.1754789352416992e+00   5.0000000000000000e-01
   2.1804370880126953e+00   5.0000000000000000e-01
   2.1854500770568848e+00   5.0000000000000000e-01
   2.1904430389404297e+00   5.0000000000000000e-01
   2.1954309940338135e+00   5.0000000000000000e-01
   2.2004148960113525e+00   5.0000000000000000e-01
   2.2054011821746826e+00   5.0000000000000000e-01
   2.2103831768035889e+00   5.0000000000000000e-01
   2.2153449058532715e+00   5.0000000000000000e-01
   2.2203629016876221e+00   5.0000000000000000e-01
   2.2253491878509521e+00   5.0000000000000000e-01
   2.2303171157836914e+00   5.0000000000000000e-01
   2.2352881431579590e+00   5.0000000000000000e-01
   2.2402749061584473e+00   5.0000000000000000e-01
   2.2452621459960938e+00   5.0000000000000000e-01
   2.2502789497375488e+00   1.0000000000000000e+00
   2.2552659511566162e+00   1.0000000000000000e+00
   2.2602570056915283e+00   1.0000000000000000e+00
   2.2652101516723633e+00   1.0000000000000000e+00
   2.2702300548553467e+00   1.0000000000000000e+00
   2.2752099037170410e+00   1.0000000000000000e+00
   2.2801699638366699e+00   1.0000000000000000e+00
   2.2851839065551758e+00   1.0000000000000000e+00
   2.2901740074157715e+00   1.0000000000000000e+00
   2.2951591014862061e+00   1.0000000000000000e+00
   2.3001348972320557e+00   1.0000000000000000e+00
   2.3051037788391113e+00   1.0000000000000000e+00
   2.3100900650024414e+00   1.0000000000000000e+00
   2.3150908946990967e+00   1.0000000000000000e+00
   2.3200628757476807e+00   1.0000000000000000e+00
   2.3250491619110107e+00   1.0000000000000000e+00
   2.3300368785858154e+00   1.0000000000000000e+00
   2.3350541591644287e+00   1.0000000000000000e+00
   2.3400418758392334e+00   1.0000000000000000e+00
   2.3459930419921875e+00   1.0000000000000000e+00
   2.3500289916992188e+00   1.0000000000000000e+00
   2.3560400009155273e+00   1.0000000000000000e+00
   2.3610088825225830e+00   1.0000000000000000e+00
   2.3650050163269043e+00   1.0000000000000000e+00
   2.3709838390350342e+00   1.0000000000000000e+00
   2.3759720325469971e+00   1.0000000000000000e+00
   2.3809549808502197e+00   1.0000000000000000e+00
   2.3859469890594482e+00   1.0000000000000000e+00
   2.3909299373626709e+00   1.0000000000000000e+00
   2.3959197998046875e+00   1.0000000000000000e+00
   2.4009079933166504e+00   1.0000000000000000e+00
   2.4058580398559570e+00   1.0000000000000000e+00
   2.4108769893646240e+00   1.0000000000000000e+00
   2.4158358573913574e+00   1.0000000000000000e+00
   2.4208559989929199e+00   1.0000000000000000e+00
   2.4258460998535156e+00   1.0000000000000000e+00
   2.4308328628540039e+00   1.0000000000000000e+00
   2.4358060359954834e+00   1.0000000000000000e+00
   2.4407920837402344e+00   1.0000000000000000e+00
   2.4457499980926514e+00   1.0000000000000000e+00
   2.4507660865783691e+00   1.0000000000000000e+00
   2.4557590484619141e+00   1.0000000000000000e+00
   2.4602921009063721e+00   1.0000000000000000e+00
   2.4652438163757324e+00   1.0000000000000000e+00
   2.4702551364898682e+00   1.0000000000000000e+00
   2.4752430915832520e+00   1.0000000000000000e+00
   2.4802041053771973e+00   1.0000000000000000e+00
   2.4852149486541748e+00   1.0000000000000000e+00
   2.4902029037475586e+00   1.0000000000000000e+00
   2.4951889514923096e+00   1.0000000000000000e+00
   2.5001778602600098e+00   1.0000000000000000e+00
   2.5051641464233398e+00   1.0000000000000000e+00
   2.5101220607757568e+00   1.0000000000000000e+00
   2.5151400566101074e+00   1.0000000000000000e+00
   2.5201280117034912e+00   1.0000000000000000e+00
   2.5251147747039795e+00   1.0000000000000000e+00
   2.5300688743591309e+00   1.0000000000000000e+00
   2.5350861549377441e+00   1.0000000000000000e+00
   2.5400738716125488e+00   1.0000000000000000e+00
   2.5450580120086670e+00   1.0000000000000000e+00
   2.5500500202178955e+00   1.0000000000000000e+00
   2.5550022125244141e+00   1.0000000000000000e+00
   2.5605709552764893e+00   1.0000000000000000e+00
   2.5655930042266846e+00   1.0000000000000000e+00
   2.5705721378326416e+00   1.0000000000000000e+00
   2.5755629539489746e+00   1.0000000000000000e+00
   2.5805320739746094e+00   1.0000000000000000e+00
   2.5855028629302979e+00   1.0000000000000000e+00
   2.5905227661132812e+00   1.0000000000000000e+00
   2.5954749584197998e+00   1.0000000000000000e+00
   2.6004621982574463e+00   1.0000000000000000e+00
   2.6054489612579346e+00   1.0000000000000000e+00
   2.6104350090026855e+00   1.0000000000000000e+00
   2.6154570579528809e+00   1.0000000000000000e+00
   2.6204090118408203e+00   1.0000000000000000e+00
   2.6253950595855713e+00   1.0000000000000000e+00
   2.6303949356079102e+00   1.0000000000000000e+00
   2.6354019641876221e+00   1.0000000000000000e+00
   2.6403880119323730e+00   1.0000000000000000e+00
   2.6453418731689453e+00   1.0000000000000000e+00
   2.6503307819366455e+00   1.0000000000000000e+00
   2.6553440093994141e+00   1.0000000000000000e+00
   2.6605679988861084e+00   1.0000000000000000e+00
   2.6655848026275635e+00   1.0000000000000000e+00
   2.6705448627471924e+00   1.0000000000000000e+00
   2.6755340099334717e+00   1.0000000000000000e+00
   2.6805109977722168e+00   1.0000000000000000e+00
   2.6854770183563232e+00   1.0000000000000000e+00
   2.6904640197753906e+00   1.0000000000000000e+00
   2.6954500675201416e+00   1.0000000000000000e+00
   2.7004470825195312e+00   1.0000000000000000e+00
   2.7054519653320312e+00   1.0000000000000000e+00
   2.7104110717773438e+00   1.0000000000000000e+00
   2.7154140472412109e+00   1.0000000000000000e+00
   2.7204191684722900e+00   1.0000000000000000e+00
   2.7254028320312500e+00   1.0000000000000000e+00
   2.7303900718688965e+00   1.0000000000000000e+00
   2.7353441715240479e+00   1.0000000000000000e+00
   2.7403309345245361e+00   1.0000000000000000e+00
   2.7453172206878662e+00   1.0000000000000000e+00
   2.7503061294555664e+00   1.0000000000000000e+00
   2.7552909851074219e+00   1.0000000000000000e+00
   2.7607848644256592e+00   1.0000000000000000e+00
   2.7657778263092041e+00   1.0000000000000000e+00
   2.7707579135894775e+00   1.0000000000000000e+00
   2.7757461071014404e+00   1.0000000000000000e+00
   2.7807569503784180e+00   1.0000000000000000e+00
   2.7857201099395752e+00   1.0000000000000000e+00
   2.7907059192657471e+00   1.0000000000000000e+00
   2.7956931591033936e+00   1.0000000000000000e+00
   2.8006799221038818e+00   1.0000000000000000e+00
   2.8056659698486328e+00   1.0000000000000000e+00
   2.8106529712677002e+00   1.0000000000000000e+00
   2.8156511783599854e+00   1.0000000000000000e+00
   2.8206269741058350e+00   1.0000000000000000e+00
   2.8256130218505859e+00   1.0000000000000000e+00
   2.8306019306182861e+00   1.0000000000000000e+00
   2.8355860710144043e+00   1.0000000000000000e+00
   2.8405728340148926e+00   1.0000000000000000e+00
   2.8455679416656494e+00   1.0000000000000000e+00
   2.8505480289459229e+00   1.0000000000000000e+00
   2.8555331230163574e+00   1.0000000000000000e+00
   2.8600299358367920e+00   1.0000000000000000e+00
   2.8650250434875488e+00   1.0000000000000000e+00
   2.8700048923492432e+00   1.0000000000000000e+00
   2.8760011196136475e+00   1.0000000000000000e+00
   2.8809778690338135e+00   1.0000000000000000e+00
   2.8859610557556152e+00   1.0000000000000000e+00
   2.8909471035003662e+00   1.0000000000000000e+00
   2.8959460258483887e+00   1.0000000000000000e+00
   2.9009568691253662e+00   1.0000000000000000e+00
   2.9059460163116455e+00   1.0000000000000000e+00
   2.9108929634094238e+00   1.0000000000000000e+00
   2.9158818721771240e+00   1.0000000000000000e+00
   2.9208660125732422e+00   1.0000000000000000e+00
   2.9258530139923096e+00   1.0000000000000000e+00
   2.9308609962463379e+00   1.0000000000000000e+00
   2.9358320236206055e+00   1.0000000000000000e+00
   2.9408140182495117e+00   1.0000000000000000e+00
   2.9458010196685791e+00   1.0000000000000000e+00
   2.9507880210876465e+00   1.0000000000000000e+00
   2.9557728767395020e+00   1.0000000000000000e+00
   2.9607629776000977e+00   1.0000000000000000e+00
   2.9657480716705322e+00   1.0000000000000000e+00
   2.9707660675048828e+00   1.0000000000000000e+00
   2.9757530689239502e+00   1.0000000000000000e+00
   2.9807200431823730e+00   1.0000000000000000e+00
   2.9857158660888672e+00   1.0000000000000000e+00
   2.9907178878784180e+00   1.0000000000000000e+00
   2.9957020282745361e+00   1.0000000000000000e+00
   3.0006539821624756e+00   1.0000000000000000e+00
   3.0056750774383545e+00   1.0000000000000000e+00
   3.0106589794158936e+00   1.0000000000000000e+00
   3.0156149864196777e+00   1.0000000000000000e+00
   3.0206000804901123e+00   1.0000000000000000e+00
   3.0255868434906006e+00   1.0000000000000000e+00
   3.0305769443511963e+00   1.0000000000000000e+00
   3.0355608463287354e+00   1.0000000000000000e+00
   3.0405459403991699e+00   1.0000000000000000e+00
   3.0455329418182373e+00   1.0000000000000000e+00
   3.0505211353302002e+00   1.0000000000000000e+00
   3.0555059909820557e+00   1.0000000000000000e+00
   3.0604929924011230e+00   1.0000000000000000e+00
   3.0654819011688232e+00   1.0000000000000000e+00
   3.0704669952392578e+00   1.0000000000000000e+00
   3.0754539966583252e+00   1.0000000000000000e+00
   3.0804409980773926e+00   1.0000000000000000e+00
   3.0854279994964600e+00   1.0000000000000000e+00
   3.0904140472412109e+00   1.0000000000000000e+00
   3.0954010486602783e+00   1.0000000000000000e+00
   3.1003890037536621e+00   1.0000000000000000e+00
   3.1053729057312012e+00   1.0000000000000000e+00
   3.1103601455688477e+00   1.0000000000000000e+00
   3.1153478622436523e+00   1.0000000000000000e+00
   3.1203539371490479e+00   1.0000000000000000e+00
   3.1253209114074707e+00   1.0000000000000000e+00
   3.1303069591522217e+00   1.0000000000000000e+00
   3.1352980136871338e+00   1.0000000000000000e+00
   3.1402800083160400e+00   1.0000000000000000e+00
   3.1452658176422119e+00   1.0000000000000000e+00
   3.1502661705017090e+00   1.0000000000000000e+00
   3.1552398204803467e+00   1.0000000000000000e+00
   3.1602270603179932e+00   1.0000000000000000e+00
   3.1652140617370605e+00   1.0000000000000000e+00
   3.1702001094818115e+00   1.0000000000000000e+00
   3.1751859188079834e+00   1.0000000000000000e+00
   3.1801731586456299e+00   1.0000000000000000e+00
   3.1851608753204346e+00   1.0000000000000000e+00
   3.1901459693908691e+00   1.0000000000000000e+00
   3.1951329708099365e+00   1.0000000000000000e+00
   3.2001211643218994e+00   1.0000000000000000e+00
   3.2051060199737549e+00   1.0000000000000000e+00
   3.2100930213928223e+00   1.0000000000000000e+00
   3.2150819301605225e+00   1.0000000000000000e+00
   3.2200670242309570e+00   1.0000000000000000e+00
   3.2250528335571289e+00   1.0000000000000000e+00
   3.2300400733947754e+00   1.0000000000000000e+00
   3.2350280284881592e+00   1.0000000000000000e+00
   3.2400131225585938e+00   1.0000000000000000e+00
   3.2460119724273682e+00   1.0000000000000000e+00
   3.2510111331939697e+00   1.0000000000000000e+00
   3.2550010681152344e+00   1.0000000000000000e+00
   3.2609860897064209e+00   1.0000000000000000e+00
   3.2659468650817871e+00   1.0000000000000000e+00
   3.2709298133850098e+00   1.0000000000000000e+00
   3.2759270668029785e+00   1.0000000000000000e+00
   3.2809069156646729e+00   1.0000000000000000e+00
   3.2858901023864746e+00   1.0000000000000000e+00
   3.2908768653869629e+00   1.0000000000000000e+00
   3.2958641052246094e+00   1.0000000000000000e+00
   3.3008499145507812e+00   1.0000000000000000e+00
   3.3058371543884277e+00   1.0000000000000000e+00
   3.3108239173889160e+00   1.0000000000000000e+00
   3.3158230781555176e+00   1.0000000000000000e+00
   3.3207969665527344e+00   1.0000000000000000e+00
   3.3257839679718018e+00   1.0000000000000000e+00
   3.3307719230651855e+00   1.0000000000000000e+00
   3.3357570171356201e+00   1.0000000000000000e+00
   3.3407440185546875e+00   1.0000000000000000e+00
   3.3457310199737549e+00   1.0000000000000000e+00
   3.3507180213928223e+00   1.0000000000000000e+00
   3.3557050228118896e+00   1.0000000000000000e+00
   3.3606920242309570e+00   1.0000000000000000e+00
   3.3656818866729736e+00   1.0000000000000000e+00
   3.3706638813018799e+00   1.0000000000000000e+00
   3.3756511211395264e+00   1.0000000000000000e+00
   3.3806519508361816e+00   1.0000000000000000e+00
   3.3856241703033447e+00   1.0000000000000000e+00
   3.3906381130218506e+00   1.0000000000000000e+00
   3.3956248760223389e+00   1.0000000000000000e+00
   3.4006168842315674e+00   1.0000000000000000e+00
   3.4056079387664795e+00   1.0000000000000000e+00
   3.4105689525604248e+00   1.0000000000000000e+00
   3.4155468940734863e+00   1.0000000000000000e+00
   3.4205310344696045e+00   1.0000000000000000e+00
   3.4255170822143555e+00   1.0000000000000000e+00
   3.4305038452148438e+00   1.0000000000000000e+00
   3.4355251789093018e+00   1.0000000000000000e+00
   3.4405131340026855e+00   1.0000000000000000e+00
   3.4454951286315918e+00   1.0000000000000000e+00
   3.4504508972167969e+00   1.0000000000000000e+00
   3.4554369449615479e+00   1.0000000000000000e+00
   3.4604239463806152e+00   1.0000000000000000e+00
   3.4654121398925781e+00   1.0000000000000000e+00
   3.4704310894012451e+00   1.0000000000000000e+00
   3.4754159450531006e+00   1.0000000000000000e+00
   3.4803991317749023e+00   1.0000000000000000e+00
   3.4853849411010742e+00   1.0000000000000000e+00
   3.4903800487518311e+00   1.0000000000000000e+00
   3.4953658580780029e+00   1.0000000000000000e+00
   3.5003190040588379e+00   1.0000000000000000e+00
   3.5053381919860840e+00   1.0000000000000000e+00
   3.5103428363800049e+00   1.0000000000000000e+00
   3.5153100490570068e+00   1.0000000000000000e+00
   3.5202970504760742e+00   1.0000000000000000e+00
   3.5252809524536133e+00   1.0000000000000000e+00
   3.5302379131317139e+00   1.0000000000000000e+00
   3.5352509021759033e+00   1.0000000000000000e+00
   3.5402410030364990e+00   1.0000000000000000e+00
   3.5452249050140381e+00   1.0000000000000000e+00
   3.5501880645751953e+00   1.0000000000000000e+00
   3.5551989078521729e+00   1.0000000000000000e+00
   3.5601589679718018e+00   1.0000000000000000e+00
   3.5651938915252686e+00   1.0000000000000000e+00
   3.5701661109924316e+00   1.0000000000000000e+00
   3.5751512050628662e+00   1.0000000000000000e+00
   3.5801191329956055e+00   1.0000000000000000e+00
   3.5851180553436279e+00   1.0000000000000000e+00
   3.5901060104370117e+00   1.0000000000000000e+00
   3.5950920581817627e+00   1.0000000000000000e+00
   3.6000530719757080e+00   1.0000000000000000e+00
   3.6050679683685303e+00   1.0000000000000000e+00
   3.6100420951843262e+00   1.0000000000000000e+00
   3.6150138378143311e+00   1.0000000000000000e+00
   3.6200308799743652e+00   1.0000000000000000e+00
   3.6250171661376953e+00   1.0000000000000000e+00
   3.6300029754638672e+00   1.0000000000000000e+00
   3.6359949111938477e+00   1.0000000000000000e+00
   3.6409411430358887e+00   1.0000000000000000e+00
   3.6459479331970215e+00   1.0000000000000000e+00
   3.6509151458740234e+00   1.0000000000000000e+00
   3.6559028625488281e+00   1.0000000000000000e+00
   3.6608891487121582e+00   1.0000000000000000e+00
   3.6658790111541748e+00   1.0000000000000000e+00
   3.6708621978759766e+00   1.0000000000000000e+00
   3.6758489608764648e+00   1.0000000000000000e+00
   3.6808362007141113e+00   1.0000000000000000e+00
   3.6858229637145996e+00   1.0000000000000000e+00
   3.6908090114593506e+00   1.0000000000000000e+00
   3.6957960128784180e+00   1.0000000000000000e+00
   3.7007842063903809e+00   1.0000000000000000e+00
   3.7057700157165527e+00   1.0000000000000000e+00
   3.7107610702514648e+00   1.0000000000000000e+00
   3.7157740592956543e+00   1.0000000000000000e+00
   3.7207291126251221e+00   1.0000000000000000e+00
   3.7257158756256104e+00   1.0000000000000000e+00
   3.7307038307189941e+00   1.0000000000000000e+00
   3.7357161045074463e+00   1.0000000000000000e+00
   3.7407040596008301e+00   1.0000000000000000e+00
   3.7457017898559570e+00   1.0000000000000000e+00
   3.7506580352783203e+00   1.0000000000000000e+00
   3.7556359767913818e+00   1.0000000000000000e+00
   3.7606232166290283e+00   1.0000000000000000e+00
   3.7651560306549072e+00   1.0000000000000000e+00
   3.7701151371002197e+00   1.0000000000000000e+00
   3.7751009464263916e+00   1.0000000000000000e+00
   3.7800869941711426e+00   1.0000000000000000e+00
   3.7850728034973145e+00   1.0000000000000000e+00
   3.7900600433349609e+00   1.0000000000000000e+00
   3.7950468063354492e+00   1.0000000000000000e+00
   3.8000371456146240e+00   1.0000000000000000e+00
   3.8050208091735840e+00   1.0000000000000000e+00
   3.8100080490112305e+00   1.0000000000000000e+00
   3.8159999847412109e+00   1.0000000000000000e+00
   3.8209779262542725e+00   1.0000000000000000e+00
   3.8259661197662354e+00   1.0000000000000000e+00
   3.8309600353240967e+00   1.0000000000000000e+00
   3.8359391689300537e+00   1.0000000000000000e+00
   3.8409249782562256e+00   1.0000000000000000e+00
   3.8459110260009766e+00   1.0000000000000000e+00
   3.8508980274200439e+00   1.0000000000000000e+00
   3.8558840751647949e+00   1.0000000000000000e+00
   3.8608708381652832e+00   1.0000000000000000e+00
   3.8658611774444580e+00   1.0000000000000000e+00
   3.8708438873291016e+00   1.0000000000000000e+00
   3.8758330345153809e+00   1.0000000000000000e+00
   3.8808188438415527e+00   1.0000000000000000e+00
   3.8858060836791992e+00   1.0000000000000000e+00
   3.8907918930053711e+00   1.0000000000000000e+00
   3.8957791328430176e+00   1.0000000000000000e+00
   3.9007670879364014e+00   1.0000000000000000e+00
   3.9057531356811523e+00   1.0000000000000000e+00
   3.9107577800750732e+00   1.0000000000000000e+00
   3.9157450199127197e+00   1.0000000000000000e+00
   3.9207119941711426e+00   1.0000000000000000e+00
   3.9256989955902100e+00   1.0000000000000000e+00
   3.9306859970092773e+00   1.0000000000000000e+00
   3.9356710910797119e+00   1.0000000000000000e+00
   3.9406569004058838e+00   1.0000000000000000e+00
   3.9456441402435303e+00   1.0000000000000000e+00
   3.9506318569183350e+00   1.0000000000000000e+00
   3.9556181430816650e+00   1.0000000000000000e+00
   3.9606039524078369e+00   1.0000000000000000e+00
   3.9656109809875488e+00   1.0000000000000000e+00
   3.9705779552459717e+00   1.0000000000000000e+00
   3.9755640029907227e+00   1.0000000000000000e+00
   3.9805510044097900e+00   1.0000000000000000e+00
   3.9855389595031738e+00   1.0000000000000000e+00
   3.9905238151550293e+00   1.0000000000000000e+00
   3.9955110549926758e+00   1.0000000000000000e+00
   4.0005002021789551e+00   1.0000000000000000e+00
   4.0055117607116699e+00   1.0000000000000000e+00
   4.0104999542236328e+00   1.0000000000000000e+00
   4.0154609680175781e+00   1.0000000000000000e+00
   4.0204720497131348e+00   1.0000000000000000e+00
   4.0254588127136230e+00   1.0000000000000000e+00
   4.0304541587829590e+00   1.0000000000000000e+00
   4.0354380607604980e+00   1.0000000000000000e+00
   4.0404229164123535e+00   1.0000000000000000e+00
   4.0454111099243164e+00   1.0000000000000000e+00
   4.0503711700439453e+00   1.0000000000000000e+00
   4.0553798675537109e+00   1.0000000000000000e+00
   4.0603389739990234e+00   1.0000000000000000e+00
   4.0653629302978516e+00   1.0000000000000000e+00
   4.0703120231628418e+00   1.0000000000000000e+00
   4.0752978324890137e+00   1.0000000000000000e+00
   4.0802841186523438e+00   1.0000000000000000e+00
   4.0852708816528320e+00   1.0000000000000000e+00
   4.0902581214904785e+00   1.0000000000000000e+00
   4.0952439308166504e+00   1.0000000000000000e+00
   4.1002330780029297e+00   1.0000000000000000e+00
   4.1052179336547852e+00   1.0000000000000000e+00
   4.1102037429809570e+00   1.0000000000000000e+00
   4.1152129173278809e+00   1.0000000000000000e+00
   4.1201777458190918e+00   1.0000000000000000e+00
   4.1251640319824219e+00   1.0000000000000000e+00
   4.1301507949829102e+00   1.0000000000000000e+00
   4.1351380348205566e+00   1.0000000000000000e+00
   4.1401238441467285e+00   1.0000000000000000e+00
   4.1451110839843750e+00   1.0000000000000000e+00
   4.1500988006591797e+00   1.0000000000000000e+00
   4.1550841331481934e+00   1.0000000000000000e+00
   4.1600918769836426e+00   1.0000000000000000e+00
   4.1650590896606445e+00   1.0000000000000000e+00
   4.1700439453125000e+00   1.0000000000000000e+00
   4.1750311851501465e+00   1.0000000000000000e+00
   4.1800179481506348e+00   1.0000000000000000e+00
   4.1850042343139648e+00   1.0000000000000000e+00
   4.1909880638122559e+00   1.0000000000000000e+00
   4.1959748268127441e+00   1.0000000000000000e+00
   4.2009620666503906e+00   1.0000000000000000e+00
   4.2059488296508789e+00   1.0000000000000000e+00
   4.2109360694885254e+00   1.0000000000000000e+00
   4.2159290313720703e+00   1.0000000000000000e+00
   4.2209081649780273e+00   1.0000000000000000e+00
   4.2258949279785156e+00   1.0000000000000000e+00
   4.2308821678161621e+00   1.0000000000000000e+00
   4.2358679771423340e+00   1.0000000000000000e+00
   4.2408552169799805e+00   1.0000000000000000e+00
   4.2458419799804688e+00   1.0000000000000000e+00
   4.2508401870727539e+00   1.0000000000000000e+00
   4.2558150291442871e+00   1.0000000000000000e+00
   4.2608022689819336e+00   1.0000000000000000e+00
   4.2658009529113770e+00   1.0000000000000000e+00
   4.2703042030334473e+00   1.0000000000000000e+00
   4.2752909660339355e+00   1.0000000000000000e+00
   4.2802791595458984e+00   1.0000000000000000e+00
   4.2852659225463867e+00   1.0000000000000000e+00
   4.2902560234069824e+00   1.0000000000000000e+00
   4.2952427864074707e+00   1.0000000000000000e+00
   4.3002562522888184e+00   1.0000000000000000e+00
   4.3052201271057129e+00   1.0000000000000000e+00
   4.3102130889892578e+00   1.0000000000000000e+00
   4.3152022361755371e+00   1.0000000000000000e+00
   4.3201847076416016e+00   1.0000000000000000e+00
   4.3251733779907227e+00   1.0000000000000000e+00
   4.3301591873168945e+00   1.0000000000000000e+00
   4.3351502418518066e+00   1.0000000000000000e+00
   4.3401317596435547e+00   1.0000000000000000e+00
   4.3451189994812012e+00   1.0000000000000000e+00
   4.3501071929931641e+00   1.0000000000000000e+00
   4.3550920486450195e+00   1.0000000000000000e+00
   4.3600797653198242e+00   1.0000000000000000e+00
   4.3650665283203125e+00   1.0000000000000000e+00
   4.3700518608093262e+00   1.0000000000000000e+00
   4.3750391006469727e+00   1.0000000000000000e+00
   4.3800249099731445e+00   1.0000000000000000e+00
   4.3850135803222656e+00   1.0000000000000000e+00
   4.3909959793090820e+00   1.0000000000000000e+00
   4.3959827423095703e+00   1.0000000000000000e+00
   4.4009704589843750e+00   1.0000000000000000e+00
   4.4059562683105469e+00   1.0000000000000000e+00
   4.4109430313110352e+00   1.0000000000000000e+00
   4.4159517288208008e+00   1.0000000000000000e+00
   4.4209189414978027e+00   1.0000000000000000e+00
   4.4259033203125000e+00   1.0000000000000000e+00
   4.4308900833129883e+00   1.0000000000000000e+00
   4.4358758926391602e+00   1.0000000000000000e+00
   4.4408631324768066e+00   1.0000000000000000e+00
   4.4458489418029785e+00   1.0000000000000000e+00
   4.4508371353149414e+00   1.0000000000000000e+00
   4.4558229446411133e+00   1.0000000000000000e+00
   4.4608101844787598e+00   1.0000000000000000e+00
   4.4658002853393555e+00   1.0000000000000000e+00
   4.4707827568054199e+00   1.0000000000000000e+00
   4.4757699966430664e+00   1.0000000000000000e+00
   4.4807577133178711e+00   1.0000000000000000e+00
   4.4857912063598633e+00   1.0000000000000000e+00
   4.4907350540161133e+00   1.0000000000000000e+00
   4.4957218170166016e+00   1.0000000000000000e+00
   4.5007090568542480e+00   1.0000000000000000e+00
   4.5056962966918945e+00   1.0000000000000000e+00
   4.5106821060180664e+00   1.0000000000000000e+00
   4.5156869888305664e+00   1.0000000000000000e+00
   4.5206561088562012e+00   1.0000000000000000e+00
   4.5256772041320801e+00   1.0000000000000000e+00
   4.5306606292724609e+00   1.0000000000000000e+00
   4.5356159210205078e+00   1.0000000000000000e+00
   4.5406351089477539e+00   1.0000000000000000e+00
   4.5456171035766602e+00   1.0000000000000000e+00
   4.5506057739257812e+00   1.0000000000000000e+00
   4.5555958747863770e+00   1.0000000000000000e+00
   4.5605864524841309e+00   1.0000000000000000e+00
   4.5655608177185059e+00   1.0000000000000000e+00
   4.5705547332763672e+00   1.0000000000000000e+00
   4.5755410194396973e+00   1.0000000000000000e+00
   4.5804958343505859e+00   1.0000000000000000e+00
   4.5855212211608887e+00   1.0000000000000000e+00
   4.5907130241394043e+00   1.0000000000000000e+00
   4.5957098007202148e+00   1.0000000000000000e+00
   4.6006569862365723e+00   1.0000000000000000e+00
   4.6056790351867676e+00   1.0000000000000000e+00
   4.6106629371643066e+00   1.0000000000000000e+00
   4.6156167984008789e+00   1.0000000000000000e+00
   4.6206359863281250e+00   1.0000000000000000e+00
   4.6256170272827148e+00   1.0000000000000000e+00
   4.6306047439575195e+00   1.0000000000000000e+00
   4.6355800628662109e+00   1.0000000000000000e+00
   4.6405758857727051e+00   1.0000000000000000e+00
   4.6455354690551758e+00   1.0000000000000000e+00
   4.6505260467529297e+00   1.0000000000000000e+00
   4.6555438041687012e+00   1.0000000000000000e+00
   4.6605229377746582e+00   1.0000000000000000e+00
   4.6654825210571289e+00   1.0000000000000000e+00
   4.6705017089843750e+00   1.0000000000000000e+00
   4.6754832267761230e+00   1.0000000000000000e+00
   4.6804699897766113e+00   1.0000000000000000e+00
   4.6854557991027832e+00   1.0000000000000000e+00
   4.6904439926147461e+00   1.0000000000000000e+00
   4.6954293251037598e+00   1.0000000000000000e+00
   4.7004370689392090e+00   1.0000000000000000e+00
   4.7054061889648438e+00   1.0000000000000000e+00
   4.7103629112243652e+00   1.0000000000000000e+00
   4.7153501510620117e+00   1.0000000000000000e+00
   4.7203679084777832e+00   1.0000000000000000e+00
   4.7253499031066895e+00   1.0000000000000000e+00
   4.7303366661071777e+00   1.0000000000000000e+00
   4.7353243827819824e+00   1.0000000000000000e+00
   4.7403101921081543e+00   1.0000000000000000e+00
   4.7452988624572754e+00   1.0000000000000000e+00
   4.7502560615539551e+00   1.0000000000000000e+00
   4.7552690505981445e+00   1.0000000000000000e+00
   4.7602300643920898e+00   1.0000000000000000e+00
   4.7652511596679688e+00   1.0000000000000000e+00
   4.7702350616455078e+00   1.0000000000000000e+00
   4.7752218246459961e+00   1.0000000000000000e+00
   4.7802081108093262e+00   1.0000000000000000e+00
   4.7851629257202148e+00   1.0000000000000000e+00
   4.7901797294616699e+00   1.0000000000000000e+00
   4.7951707839965820e+00   1.0000000000000000e+00
   4.8001227378845215e+00   1.0000000000000000e+00
   4.8051419258117676e+00   1.0000000000000000e+00
   4.8100962638854980e+00   1.0000000000000000e+00
   4.8151111602783203e+00   1.0000000000000000e+00
   4.8201022148132324e+00   1.0000000000000000e+00
   4.8250908851623535e+00   1.0000000000000000e+00
   4.8300757408142090e+00   1.0000000000000000e+00
   4.8350300788879395e+00   1.0000000000000000e+00
   4.8400492668151855e+00   1.0000000000000000e+00
   4.8450350761413574e+00   1.0000000000000000e+00
   4.8510088920593262e+00   1.0000000000000000e+00
   4.8550033569335938e+00   1.0000000000000000e+00
   4.8600091934204102e+00   1.0000000000000000e+00
   4.8659491539001465e+00   1.0000000000000000e+00
   4.8709602355957031e+00   1.0000000000000000e+00
   4.8759479522705078e+00   1.0000000000000000e+00
   4.8809390068054199e+00   1.0000000000000000e+00
   4.8858933448791504e+00   1.0000000000000000e+00
   4.8909149169921875e+00   1.0000000000000000e+00
   4.8958668708801270e+00   1.0000000000000000e+00
   4.9008545875549316e+00   1.0000000000000000e+00
   4.9058399200439453e+00   1.0000000000000000e+00
   4.9108271598815918e+00   1.0000000000000000e+00
   4.9158349037170410e+00   1.0000000000000000e+00
   4.9208002090454102e+00   1.0000000000000000e+00
   4.9257860183715820e+00   1.0000000000000000e+00
   4.9307718276977539e+00   1.0000000000000000e+00
   4.9357628822326660e+00   1.0000000000000000e+00
   4.9407463073730469e+00   1.0000000000000000e+00
   4.9457321166992188e+00   1.0000000000000000e+00
   4.9507207870483398e+00   1.0000000000000000e+00
   4.9557080268859863e+00   1.0000000000000000e+00
   4.9606933593750000e+00   1.0000000000000000e+00
   4.9657011032104492e+00   1.0000000000000000e+00
   4.9706659317016602e+00   1.0000000000000000e+00
   4.9756517410278320e+00   1.0000000000000000e+00
   4.9806399345397949e+00   1.0000000000000000e+00
   4.9856419563293457e+00   1.0000000000000000e+00
   4.9906120300292969e+00   1.0000000000000000e+00
   4.9955987930297852e+00   1.0000000000000000e+00
   5.0005970001220703e+00   1.0000000000000000e+00
   5.0055723190307617e+00   1.0000000000000000e+00
   5.0105600357055664e+00   1.0000000000000000e+00
   5.0155611038208008e+00   1.0000000000000000e+00
   5.0205607414245605e+00   1.0000000000000000e+00
   5.0255479812622070e+00   1.0000000000000000e+00
   5.0305070877075195e+00   1.0000000000000000e+00
   5.0355210304260254e+00   1.0000000000000000e+00
   5.0405087471008301e+00   1.0000000000000000e+00
   5.0454959869384766e+00   1.0000000000000000e+00
   5.0504550933837891e+00   1.0000000000000000e+00
   5.0554699897766113e+00   1.0000000000000000e+00
   5.0604538917541504e+00   1.0000000000000000e+00
   5.0654511451721191e+00   1.0000000000000000e+00
   5.0704269409179688e+00   1.0000000000000000e+00
   5.0754141807556152e+00   1.0000000000000000e+00
   5.0804038047790527e+00   1.0000000000000000e+00
   5.0853610038757324e+00   1.0000000000000000e+00
   5.0903739929199219e+00   1.0000000000000000e+00
   5.0953612327575684e+00   1.0000000000000000e+00
   5.1003217697143555e+00   1.0000000000000000e+00
   5.1053333282470703e+00   1.0000000000000000e+00
   5.1102938652038574e+00   1.0000000000000000e+00
   5.1153101921081543e+00   1.0000000000000000e+00
   5.1202960014343262e+00   1.0000000000000000e+00
   5.1252827644348145e+00   1.0000000000000000e+00
   5.1302390098571777e+00   1.0000000000000000e+00
   5.1352291107177734e+00   1.0000000000000000e+00
   5.1402120590209961e+00   1.0000000000000000e+00
   5.1452021598815918e+00   1.0000000000000000e+00
   5.1501879692077637e+00   1.0000000000000000e+00
   5.1551718711853027e+00   1.0000000000000000e+00
   5.1601772308349609e+00   1.0000000000000000e+00
   5.1651473045349121e+00   1.0000000000000000e+00
   5.1701331138610840e+00   1.0000000000000000e+00
   5.1751189231872559e+00   1.0000000000000000e+00
   5.1801061630249023e+00   1.0000000000000000e+00
   5.1850943565368652e+00   1.0000000000000000e+00
   5.1900792121887207e+00   1.0000000000000000e+00
   5.1950659751892090e+00   1.0000000000000000e+00
   5.2000579833984375e+00   1.0000000000000000e+00
   5.2050390243530273e+00   1.0000000000000000e+00
   5.2100257873535156e+00   1.0000000000000000e+00
   5.2150130271911621e+00   1.0000000000000000e+00
   5.2209959030151367e+00   1.0000000000000000e+00
   5.2259831428527832e+00   1.0000000000000000e+00
   5.2309699058532715e+00   1.0000000000000000e+00
   5.2359571456909180e+00   1.0000000000000000e+00
   5.2409496307373047e+00   1.0000000000000000e+00
   5.2459301948547363e+00   1.0000000000000000e+00
   5.2509169578552246e+00   1.0000000000000000e+00
   5.2559032440185547e+00   1.0000000000000000e+00
   5.2608900070190430e+00   1.0000000000000000e+00
   5.2658782005310059e+00   1.0000000000000000e+00
   5.2708630561828613e+00   1.0000000000000000e+00
   5.2758502960205078e+00   1.0000000000000000e+00
   5.2808361053466797e+00   1.0000000000000000e+00
   5.2858333587646484e+00   1.0000000000000000e+00
   5.2908096313476562e+00   1.0000000000000000e+00
   5.2957973480224609e+00   1.0000000000000000e+00
   5.3007950782775879e+00   1.0000000000000000e+00
   5.3057699203491211e+00   1.0000000000000000e+00
   5.3107566833496094e+00   1.0000000000000000e+00
   5.3157439231872559e+00   1.0000000000000000e+00
   5.3207302093505859e+00   1.0000000000000000e+00
   5.3257160186767578e+00   1.0000000000000000e+00
   5.3307027816772461e+00   1.0000000000000000e+00
   5.3357062339782715e+00   1.0000000000000000e+00
   5.3406829833984375e+00   1.0000000000000000e+00
   5.3456630706787109e+00   1.0000000000000000e+00
   5.3506507873535156e+00   1.0000000000000000e+00
   5.3556656837463379e+00   1.0000000000000000e+00
   5.3606576919555664e+00   1.0000000000000000e+00
   5.3656449317932129e+00   1.0000000000000000e+00
   5.3706240653991699e+00   1.0000000000000000e+00
   5.3756141662597656e+00   1.0000000000000000e+00
   5.3805975914001465e+00   1.0000000000000000e+00
   5.3855681419372559e+00   1.0000000000000000e+00
   5.3905782699584961e+00   1.0000000000000000e+00
   5.3955550193786621e+00   1.0000000000000000e+00
   5.4005246162414551e+00   1.0000000000000000e+00
   5.4055156707763672e+00   1.0000000000000000e+00
   5.4104909896850586e+00   1.5000000000000000e+00
   5.4154787063598633e+00   1.5000000000000000e+00
   5.4204640388488770e+00   1.5000000000000000e+00
   5.4254508018493652e+00   1.5000000000000000e+00
   5.4304380416870117e+00   1.5000000000000000e+00
   5.4354329109191895e+00   1.5000000000000000e+00
   5.4404110908508301e+00   1.5000000000000000e+00
   5.4453969001770020e+00   1.5000000000000000e+00
   5.4504237174987793e+00   1.5000000000000000e+00
   5.4553980827331543e+00   1.5000000000000000e+00
   5.4603877067565918e+00   1.5000000000000000e+00
   5.4653787612915039e+00   1.5000000000000000e+00
   5.4703569412231445e+00   1.5000000000000000e+00
   5.4753446578979492e+00   1.5000000000000000e+00
   5.4803309440612793e+00   1.5000000000000000e+00
   5.4852919578552246e+00   1.5000000000000000e+00
   5.4903049468994141e+00   1.5000000000000000e+00
   5.4952950477600098e+00   1.5000000000000000e+00
   5.5002808570861816e+00   1.5000000000000000e+00
   5.5052642822265625e+00   1.5000000000000000e+00
   5.5102720260620117e+00   1.5000000000000000e+00
   5.5152587890625000e+00   1.5000000000000000e+00
   5.5202240943908691e+00   1.5000000000000000e+00
   5.5252122879028320e+00   1.5000000000000000e+00
   5.5301990509033203e+00   1.5000000000000000e+00
   5.5351881980895996e+00   1.5000000000000000e+00
   5.5401740074157715e+00   1.5000000000000000e+00
   5.5451579093933105e+00   1.5000000000000000e+00
   5.5501289367675781e+00   1.5000000000000000e+00
   5.5551309585571289e+00   1.5000000000000000e+00
   5.5601239204406738e+00   1.5000000000000000e+00
   5.5651249885559082e+00   1.5000000000000000e+00
   5.5700898170471191e+00   1.5000000000000000e+00
   5.5750503540039062e+00   1.5000000000000000e+00
   5.5800361633300781e+00   1.5000000000000000e+00
   5.5850248336791992e+00   1.5000000000000000e+00
   5.5900096893310547e+00   1.5000000000000000e+00
   5.5950260162353516e+00   1.5000000000000000e+00
   5.6009860038757324e+00   1.5000000000000000e+00
   5.6059989929199219e+00   1.5000000000000000e+00
   5.6109819412231445e+00   1.5000000000000000e+00
   5.6159768104553223e+00   1.5000000000000000e+00
   5.6209559440612793e+00   1.5000000000000000e+00
   5.6259431838989258e+00   1.5000000000000000e+00
   5.6309370994567871e+00   1.5000000000000000e+00
   5.6358890533447266e+00   1.5000000000000000e+00
   5.6409087181091309e+00   1.5000000000000000e+00
   5.6458950042724609e+00   1.5000000000000000e+00
   5.6508488655090332e+00   1.5000000000000000e+00
   5.6558618545532227e+00   1.5000000000000000e+00
   5.6608490943908691e+00   1.5000000000000000e+00
   5.6658420562744141e+00   1.5000000000000000e+00
   5.6708250045776367e+00   1.5000000000000000e+00
   5.6758117675781250e+00   1.5000000000000000e+00
   5.6807951927185059e+00   1.5000000000000000e+00
   5.6857619285583496e+00   1.5000000000000000e+00
   5.6907687187194824e+00   1.5000000000000000e+00
   5.6957569122314453e+00   1.5000000000000000e+00
   5.7007203102111816e+00   1.5000000000000000e+00
   5.7057409286499023e+00   1.5000000000000000e+00
   5.7107338905334473e+00   1.5000000000000000e+00
   5.7156739234924316e+00   1.5000000000000000e+00
   5.7206621170043945e+00   1.5000000000000000e+00
   5.7256479263305664e+00   1.5000000000000000e+00
   5.7306346893310547e+00   1.5000000000000000e+00
   5.7356328964233398e+00   1.5000000000000000e+00
   5.7406082153320312e+00   1.5000000000000000e+00
   5.7456269264221191e+00   1.5000000000000000e+00
   5.7505941390991211e+00   1.5000000000000000e+00
   5.7555999755859375e+00   1.5000000000000000e+00
   5.7605895996093750e+00   1.5000000000000000e+00
   5.7655940055847168e+00   1.5000000000000000e+00
   5.7705612182617188e+00   1.5000000000000000e+00
   5.7755479812622070e+00   1.5000000000000000e+00
   5.7805333137512207e+00   1.5000000000000000e+00
   5.7855033874511719e+00   1.5000000000000000e+00
   5.7905101776123047e+00   1.5000000000000000e+00
   5.7954916954040527e+00   1.5000000000000000e+00
   5.8004837036132812e+00   1.5000000000000000e+00
   5.8054347038269043e+00   1.5000000000000000e+00
   5.8104214668273926e+00   1.5000000000000000e+00
   5.8154397010803223e+00   1.5000000000000000e+00
   5.8203949928283691e+00   1.5000000000000000e+00
   5.8254141807556152e+00   1.5000000000000000e+00
   5.8304028511047363e+00   1.5000000000000000e+00
   5.8353562355041504e+00   1.5000000000000000e+00
   5.8403759002685547e+00   1.5000000000000000e+00
   5.8453612327575684e+00   1.5000000000000000e+00
   5.8503227233886719e+00   1.5000000000000000e+00
   5.8553338050842285e+00   1.5000000000000000e+00
   5.8603205680847168e+00   1.5000000000000000e+00
   5.8653101921081543e+00   1.5000000000000000e+00
   5.8702940940856934e+00   1.5000000000000000e+00
   5.8752789497375488e+00   1.5000000000000000e+00
   5.8802700042724609e+00   1.5000000000000000e+00
   5.8852219581604004e+00   1.5000000000000000e+00
   5.8902401924133301e+00   1.5000000000000000e+00
   5.8952269554138184e+00   1.5000000000000000e+00
   5.9001822471618652e+00   1.5000000000000000e+00
   5.9052000045776367e+00   1.5000000000000000e+00
