   0.0000000000000000e+00
   3.7344850599765778e-02
   6.8859443068504333e-02
   1.0001788288354874e-01
   1.3101623952388763e-01
   1.6215978562831879e-01
   1.9299465417861938e-01
   2.2363390028476715e-01
   2.5405979156494141e-01
   2.8405550122261047e-01
   3.1411576271057129e-01
   3.4371674060821533e-01
   3.7296834588050842e-01
   4.0184804797172546e-01
   4.3037876486778259e-01
   4.5844110846519470e-01
   4.8605901002883911e-01
   5.1319980621337891e-01
   5.3983139991760254e-01
   5.6582444906234741e-01
   5.9145939350128174e-01
   6.1642098426818848e-01
   6.4082121849060059e-01
   6.6452950239181519e-01
   6.8761897087097168e-01
   7.1002417802810669e-01
   7.3174542188644409e-01
   7.5273120403289795e-01
   7.7298253774642944e-01
   7.9235649108886719e-01
   8.1119775772094727e-01
   8.2911646366119385e-01
   8.4480226039886475e-01
   8.6117357015609741e-01
   8.7667268514633179e-01
   8.9131724834442139e-01
   9.0507572889328003e-01
   9.1795170307159424e-01
   9.2993140220642090e-01
   9.4099348783493042e-01
   9.5115357637405396e-01
   9.6034276485443115e-01
   9.6860039234161377e-01
   9.7726279497146606e-01
   9.8342585563659668e-01
   9.8862528800964355e-01
   9.9282109737396240e-01
   9.9608045816421509e-01
   9.9836260080337524e-01
   9.9966460466384888e-01
   9.9998521804809570e-01
   9.9932432174682617e-01
   9.9788826704025269e-01
   9.9536406993865967e-01
   9.9186229705810547e-01
   9.8738676309585571e-01
   9.8194181919097900e-01
   9.7553420066833496e-01
   9.6816772222518921e-01
   9.5985245704650879e-01
   9.5059329271316528e-01
   9.4040095806121826e-01
   9.2928057909011841e-01
   9.1725981235504150e-01
   9.0433150529861450e-01
   8.9051824808120728e-01
   8.7582790851593018e-01
   8.6027789115905762e-01
   8.4388655424118042e-01
   8.2666349411010742e-01
   8.0862909555435181e-01
   7.8980433940887451e-01
   7.7020072937011719e-01
   7.4984091520309448e-01
   7.2874480485916138e-01
   7.0693784952163696e-01
   6.8443256616592407e-01
   6.6125994920730591e-01
   6.3259440660476685e-01
   6.0801988840103149e-01
   5.8284860849380493e-01
   5.5711030960083008e-01
   5.3052699565887451e-01
   5.0371527671813965e-01
   4.7640383243560791e-01
   4.4862467050552368e-01
   4.2011407017707825e-01
   3.9147764444351196e-01
   3.6246266961097717e-01
   3.3308613300323486e-01
   3.0892723798751831e-01
   2.7897900342941284e-01
   2.4268449842929840e-01
   2.1217896044254303e-01
   1.8145887553691864e-01
   1.5056110918521881e-01
   1.1919076740741730e-01
   8.8032498955726624e-02
   5.6781880557537079e-02
   2.5475518777966499e-02
  -1.1309782712487504e-04
  -3.1448509544134140e-02
  -6.8991258740425110e-02
  -1.0021177679300308e-01
  -1.2540835142135620e-01
  -1.6256283223628998e-01
  -1.9092924892902374e-01
  -2.2150219976902008e-01
  -2.5190806388854980e-01
  -2.8213331103324890e-01
  -3.1205701828002930e-01
  -3.4166255593299866e-01
  -3.7092706561088562e-01
  -3.9979317784309387e-01
  -4.2834174633026123e-01
  -4.5630684494972229e-01
  -4.8400959372520447e-01
  -5.1125204563140869e-01
  -5.3792095184326172e-01
  -5.6390118598937988e-01
  -5.8967441320419312e-01
  -6.1451452970504761e-01
  -6.3909286260604858e-01
  -6.6285645961761475e-01
  -6.8599325418472290e-01
  -7.0844739675521851e-01
  -7.2915381193161011e-01
  -7.5037288665771484e-01
  -7.7058935165405273e-01
  -7.9028576612472534e-01
  -8.0910205841064453e-01
  -8.2711583375930786e-01
  -8.4764778614044189e-01
  -8.6376816034317017e-01
  -8.7921744585037231e-01
  -8.9372014999389648e-01
  -9.0732866525650024e-01
  -9.2005217075347900e-01
  -9.3187522888183594e-01
  -9.4271850585937500e-01
  -9.5187842845916748e-01
  -9.6604239940643311e-01
  -9.9159371852874756e-01
  -9.9159371852874756e-01
  -9.9159371852874756e-01
  -9.9159371852874756e-01
  -9.9238479137420654e-01
  -9.9575668573379517e-01
  -9.9816465377807617e-01
  -9.9956530332565308e-01
  -9.9999833106994629e-01
  -9.9944996833801270e-01
  -9.9790620803833008e-01
  -9.9539482593536377e-01
  -9.9189418554306030e-01
  -9.8742747306823730e-01
  -9.8200350999832153e-01
  -9.7558671236038208e-01
  -9.6823209524154663e-01
  -9.5992285013198853e-01
  -9.5066934823989868e-01
  -9.4048839807510376e-01
  -9.2938041687011719e-01
  -9.1737747192382812e-01
  -9.0444672107696533e-01
  -8.9065265655517578e-01
  -8.7606114149093628e-01
  -8.6042839288711548e-01
  -8.4401798248291016e-01
  -8.2680857181549072e-01
  -8.0877655744552612e-01
  -7.8994321823120117e-01
  -7.7037292718887329e-01
  -7.4586558341979980e-01
  -7.2466170787811279e-01
  -7.0272600650787354e-01
  -6.8002682924270630e-01
  -6.5673714876174927e-01
  -6.3263332843780518e-01
  -6.0817486047744751e-01
  -5.8289426565170288e-01
  -5.5714648962020874e-01
  -5.3064936399459839e-01
  -5.0384020805358887e-01
  -4.7653079032897949e-01
  -4.4875347614288330e-01
  -4.2045643925666809e-01
  -3.9204394817352295e-01
  -3.6298936605453491e-01
  -3.3383858203887939e-01
  -3.0368170142173767e-01
  -2.7368336915969849e-01
  -2.4316616356372833e-01
  -2.1267604827880859e-01
  -1.8339227139949799e-01
  -1.5250480175018311e-01
  -1.2147328257560730e-01
  -9.0297862887382507e-02
  -5.9058915823698044e-02
  -2.7968876063823700e-02
   3.5878899507224560e-03
   3.4908529371023178e-02
   6.6176831722259521e-02
   9.7392126917839050e-02
   1.2840595841407776e-01
   1.5956819057464600e-01
   1.9036152958869934e-01
   2.2095052897930145e-01
   2.5150087475776672e-01
   2.8168138861656189e-01
   3.1163913011550903e-01
   3.4112572669982910e-01
   3.7052437663078308e-01
   3.9943614602088928e-01
   4.2796671390533447e-01
   4.5608329772949219e-01
   4.8366871476173401e-01
   5.1086825132369995e-01
   5.3758174180984497e-01
   5.6373465061187744e-01
   5.8929872512817383e-01
   6.1431592702865601e-01
   6.3872587680816650e-01
   6.6252708435058594e-01
   6.8569648265838623e-01
   7.0816808938980103e-01
   7.2994846105575562e-01
   7.5096249580383301e-01
   7.7130568027496338e-01
   7.9088252782821655e-01
   8.0964076519012451e-01
   8.2764548063278198e-01
   8.4481233358383179e-01
   8.6116415262222290e-01
   8.7666374444961548e-01
   8.9130580425262451e-01
   9.0501707792282104e-01
   9.1794925928115845e-01
   9.2992937564849854e-01
   9.4099563360214233e-01
   9.5113599300384521e-01
   9.6032541990280151e-01
   9.7008073329925537e-01
   9.7725617885589600e-01
   9.8342591524124146e-01
   9.8859506845474243e-01
   9.9281966686248779e-01
   9.9607992172241211e-01
   9.9838519096374512e-01
   9.9966984987258911e-01
   9.9998283386230469e-01
   9.9930828809738159e-01
   9.9763321876525879e-01
   9.9501639604568481e-01
   9.9137198925018311e-01
   9.8677778244018555e-01
   9.8120939731597900e-01
   9.7468852996826172e-01
   9.6716600656509399e-01
   9.5878446102142334e-01
   9.4927769899368286e-01
   9.3896532058715820e-01
   9.2760944366455078e-01
   9.1545349359512329e-01
   9.0228569507598877e-01
   8.8833570480346680e-01
   8.7351644039154053e-01
   8.5782027244567871e-01
   8.4123027324676514e-01
   8.2398825883865356e-01
   8.0558359622955322e-01
   7.8663343191146851e-01
   7.6672679185867310e-01
   7.4620008468627930e-01
   7.2500771284103394e-01
   7.0306968688964844e-01
   6.8041872978210449e-01
   6.5712052583694458e-01
   6.3304179906845093e-01
   6.0863780975341797e-01
   5.8314508199691772e-01
   5.5743366479873657e-01
   5.3089964389801025e-01
   5.0408416986465454e-01
   4.7656318545341492e-01
   4.4880390167236328e-01
   4.2055869102478027e-01
   3.9194011688232422e-01
   3.6273801326751709e-01
   3.3354833722114563e-01
   3.0349010229110718e-01
   2.7348354458808899e-01
   2.4318526685237885e-01
   2.1267667412757874e-01
   1.8170605599880219e-01
   1.5081526339054108e-01
   1.1957099288702011e-01
   8.8420614600181580e-02
   5.8694440871477127e-02
   2.7516681700944901e-02
  -3.8643025327473879e-03
  -3.5190969705581665e-02
  -6.6521145403385162e-02
  -9.7754545509815216e-02
  -1.2887963652610779e-01
  -1.5987730026245117e-01
  -1.9073867797851562e-01
  -2.2142285108566284e-01
  -2.5182285904884338e-01
  -2.8201383352279663e-01
  -3.1192624568939209e-01
  -3.4153252840042114e-01
  -3.7084621191024780e-01
  -3.9977651834487915e-01
  -4.2827337980270386e-01
  -4.5639631152153015e-01
  -4.8402705788612366e-01
  -5.1120382547378540e-01
  -5.3787869215011597e-01
  -5.6402558088302612e-01
  -5.8958399295806885e-01
  -6.1460888385772705e-01
  -6.3902550935745239e-01
  -6.6281944513320923e-01
  -6.8594759702682495e-01
  -7.0840734243392944e-01
  -7.3017156124114990e-01
  -7.5122338533401489e-01
  -7.7152585983276367e-01
  -7.9109013080596924e-01
  -8.0982142686843872e-01
  -8.2779359817504883e-01
  -8.4498417377471924e-01
  -8.6132377386093140e-01
  -8.7682098150253296e-01
  -8.9144837856292725e-01
  -9.0522277355194092e-01
  -9.1808855533599854e-01
  -9.3004709482192993e-01
  -9.4109976291656494e-01
  -9.5124071836471558e-01
  -9.6043395996093750e-01
  -9.6868783235549927e-01
  -9.7599071264266968e-01
  -9.8233431577682495e-01
  -9.8771792650222778e-01
  -9.9212574958801270e-01
  -9.9556320905685425e-01
  -9.9839699268341064e-01
  -9.9967384338378906e-01
  -9.9998199939727783e-01
  -9.9930405616760254e-01
  -9.9764233827590942e-01
  -9.9500310420989990e-01
  -9.9138671159744263e-01
  -9.8679500818252563e-01
  -9.8117786645889282e-01
  -9.7464919090270996e-01
  -9.6714848279953003e-01
  -9.5877736806869507e-01
  -9.4926017522811890e-01
  -9.3895012140274048e-01
  -9.2759329080581665e-01
  -9.1543340682983398e-01
  -9.0237760543823242e-01
  -8.8843363523483276e-01
  -8.7347960472106934e-01
  -8.5782063007354736e-01
  -8.4127753973007202e-01
  -8.2406699657440186e-01
  -8.0560600757598877e-01
  -7.8677690029144287e-01
  -7.6682329177856445e-01
  -7.4634265899658203e-01
  -7.2511196136474609e-01
  -7.0319962501525879e-01
  -6.8036818504333496e-01
  -6.5724897384643555e-01
  -6.3298761844635010e-01
  -6.0856866836547852e-01
  -5.8316028118133545e-01
  -5.5742305517196655e-01
  -5.3097939491271973e-01
  -5.0418192148208618e-01
  -4.7660231590270996e-01
  -4.4882577657699585e-01
  -4.2060944437980652e-01
  -3.9198017120361328e-01
  -3.6271995306015015e-01
  -3.3352378010749817e-01
  -3.0339437723159790e-01
  -2.7336856722831726e-01
  -2.4314147233963013e-01
  -2.1262696385383606e-01
  -1.8165603280067444e-01
  -1.5076591074466705e-01
  -1.1937751621007919e-01
  -8.8245503604412079e-02
  -5.6963238865137100e-02
  -2.5914756581187248e-02
