   0.0000000000000000e+00   0.0000000000000000e+00   1.0000000000000000e+00
   5.9850001707673073e-03   5.9849643148481846e-03   1.0000000000000000e+00
   1.0970000177621841e-02   1.0969780385494232e-02   1.0000000000000000e+00
   1.5956999734044075e-02   1.5956321731209755e-02   1.0000000000000000e+00
   2.0943999290466309e-02   2.0942468196153641e-02   1.0000000000000000e+00
   2.5936000049114227e-02   2.5933092460036278e-02   1.0000000000000000e+00
   3.0915999785065651e-02   3.0911074951291084e-02   1.0000000000000000e+00
   3.5902999341487885e-02   3.5895287990570068e-02   1.0000000000000000e+00
   4.0890000760555267e-02   4.0878608822822571e-02   1.0000000000000000e+00
   4.5876998454332352e-02   4.5860908925533295e-02   1.0000000000000000e+00
   5.0864998251199722e-02   5.0843067467212677e-02   1.0000000000000000e+00
   5.5849999189376831e-02   5.5820968002080917e-02   1.0000000000000000e+00
   6.0837000608444214e-02   6.0799479484558105e-02   1.0000000000000000e+00
   6.5823003649711609e-02   6.5775483846664429e-02   1.0000000000000000e+00
   7.0809997618198395e-02   7.0750840008258820e-02   1.0000000000000000e+00
   7.5796000659465790e-02   7.5723446905612946e-02   1.0000000000000000e+00
   8.0783002078533173e-02   8.0695167183876038e-02   1.0000000000000000e+00
   8.5770003497600555e-02   8.5664883255958557e-02   1.0000000000000000e+00
   9.0756997466087341e-02   9.0632453560829163e-02   1.0000000000000000e+00
   9.5752999186515808e-02   9.5606744289398193e-02   1.0000000000000000e+00
   1.0073100030422211e-01   1.0056073963642120e-01   1.0000000000000000e+00
   1.0571599751710892e-01   1.0551919788122177e-01   1.0000000000000000e+00
   1.1070299893617630e-01   1.1047702282667160e-01   1.0000000000000000e+00
   1.1569000035524368e-01   1.1543210595846176e-01   1.0000000000000000e+00
   1.2067700177431107e-01   1.2038431316614151e-01   1.0000000000000000e+00
   1.2566299736499786e-01   1.2533253431320190e-01   1.0000000000000000e+00
   1.3015499711036682e-01   1.2978783249855042e-01   1.0000000000000000e+00
   1.3514301180839539e-01   1.3473202288150787e-01   1.0000000000000000e+00
   1.4012999832630157e-01   1.3967184722423553e-01   1.0000000000000000e+00
   1.4511600136756897e-01   1.4460721611976624e-01   1.0000000000000000e+00
   1.5011000633239746e-01   1.4954690635204315e-01   1.0000000000000000e+00
   1.5509000420570374e-01   1.5446902811527252e-01   1.0000000000000000e+00
   1.6007699072360992e-01   1.5939421951770782e-01   1.0000000000000000e+00
   1.6506300866603851e-01   1.6431447863578796e-01   1.0000000000000000e+00
   1.7004999518394470e-01   1.6923162341117859e-01   1.0000000000000000e+00
   1.7503599822521210e-01   1.7414358258247375e-01   1.0000000000000000e+00
   1.8002301454544067e-01   1.7905221879482269e-01   1.0000000000000000e+00
   1.8501000106334686e-01   1.8395636975765228e-01   1.0000000000000000e+00
   1.9099399447441101e-01   1.8983490765094757e-01   1.0000000000000000e+00
   1.9598099589347839e-01   1.9472885131835938e-01   1.0000000000000000e+00
   2.0100301504135132e-01   1.9965225458145142e-01   1.0000000000000000e+00
   2.0595400035381317e-01   2.0450109243392944e-01   1.0000000000000000e+00
   2.1044600009918213e-01   2.0889608561992645e-01   1.0000000000000000e+00
   2.1543399989604950e-01   2.1377141773700714e-01   1.0000000000000000e+00
   2.2042000293731689e-01   2.1863947808742523e-01   1.0000000000000000e+00
   2.2540700435638428e-01   2.2350308299064636e-01   1.0000000000000000e+00
   2.3039400577545166e-01   2.2836112976074219e-01   1.0000000000000000e+00
   2.3537999391555786e-01   2.3321251571178436e-01   1.0000000000000000e+00
   2.4036701023578644e-01   2.3805910348892212e-01   1.0000000000000000e+00
   2.4535399675369263e-01   2.4289973080158234e-01   1.0000000000000000e+00
   2.5034201145172119e-01   2.4773532152175903e-01   1.0000000000000000e+00
   2.5532701611518860e-01   2.5256183743476868e-01   1.0000000000000000e+00
   2.6031398773193359e-01   2.5738397240638733e-01   1.0000000000000000e+00
   2.6530098915100098e-01   2.6219972968101501e-01   1.0000000000000000e+00
   2.7028700709342957e-01   2.6700803637504578e-01   1.0000000000000000e+00
   2.7527397871017456e-01   2.7181062102317810e-01   1.0000000000000000e+00
   2.8026098012924194e-01   2.7660647034645081e-01   1.0000000000000000e+00
   2.8524699807167053e-01   2.8139448165893555e-01   1.0000000000000000e+00
   2.9023396968841553e-01   2.8617641329765320e-01   1.0000000000000000e+00
   2.9522100090980530e-01   2.9095131158828735e-01   1.0000000000000000e+00
   3.0020800232887268e-01   2.9571890830993652e-01   1.0000000000000000e+00
   3.0519399046897888e-01   3.0047821998596191e-01   1.0000000000000000e+00
   3.1018099188804626e-01   3.0523100495338440e-01   1.0000000000000000e+00
   3.1520098447799683e-01   3.1000757217407227e-01   1.0000000000000000e+00
   3.2018899917602539e-01   3.1474596261978149e-01   1.0000000000000000e+00
   3.2521599531173706e-01   3.1951346993446350e-01   1.0000000000000000e+00
   3.3020600676536560e-01   3.2423791289329529e-01   1.0000000000000000e+00
   3.3524000644683838e-01   3.2899582386016846e-01   1.0000000000000000e+00
   3.4022301435470581e-01   3.3369731903076172e-01   1.0000000000000000e+00
   3.4525099396705627e-01   3.3843287825584412e-01   1.0000000000000000e+00
   3.5023802518844604e-01   3.4312137961387634e-01   1.0000000000000000e+00
   3.5526597499847412e-01   3.4783974289894104e-01   1.0000000000000000e+00
   3.6025300621986389e-01   3.5251101851463318e-01   1.0000000000000000e+00
   3.6528098583221436e-01   3.5721176862716675e-01   1.0000000000000000e+00
   3.7027099728584290e-01   3.6186808347702026e-01   1.0000000000000000e+00
   3.7529900670051575e-01   3.6655074357986450e-01   1.0000000000000000e+00
   3.8028702139854431e-01   3.7118700146675110e-01   1.0000000000000000e+00
   3.8531500101089478e-01   3.7585106492042542e-01   1.0000000000000000e+00
   3.9030301570892334e-01   3.8046866655349731e-01   1.0000000000000000e+00
   3.9533099532127380e-01   3.8511368632316589e-01   1.0000000000000000e+00
   4.0031698346138000e-01   3.8971027731895447e-01   1.0000000000000000e+00
   4.0534400939941406e-01   3.9433491230010986e-01   1.0000000000000000e+00
   4.1033500432968140e-01   3.9891654253005981e-01   1.0000000000000000e+00
   4.1536301374435425e-01   4.0352210402488708e-01   1.0000000000000000e+00
   4.2034900188446045e-01   4.0807908773422241e-01   1.0000000000000000e+00
   4.2537698149681091e-01   4.1266420483589172e-01   1.0000000000000000e+00
   4.3036299943923950e-01   4.1720071434974670e-01   1.0000000000000000e+00
   4.3539002537727356e-01   4.2176407575607300e-01   1.0000000000000000e+00
   4.4037798047065735e-01   4.2628142237663269e-01   1.0000000000000000e+00
   4.4540601968765259e-01   4.3082430958747864e-01   1.0000000000000000e+00
   4.5039397478103638e-01   4.3532025814056396e-01   1.0000000000000000e+00
   4.5542299747467041e-01   4.3984222412109375e-01   1.0000000000000000e+00
   4.6040299534797668e-01   4.4430917501449585e-01   1.0000000000000000e+00
   4.6542301774024963e-01   4.4880086183547974e-01   1.0000000000000000e+00
   4.7041797637939453e-01   4.5325890183448792e-01   1.0000000000000000e+00
   4.7540602087974548e-01   4.5769947767257690e-01   1.0000000000000000e+00
   4.8042699694633484e-01   4.6215787529945374e-01   1.0000000000000000e+00
   4.8544996976852417e-01   4.6660637855529785e-01   1.0000000000000000e+00
   4.9043700098991394e-01   4.7101143002510071e-01   1.0000000000000000e+00
   4.9546000361442566e-01   4.7543638944625854e-01   1.0000000000000000e+00
   5.0044798851013184e-01   4.7981864213943481e-01   1.0000000000000000e+00
   5.0545001029968262e-01   4.8420122265815735e-01   1.0000000000000000e+00
   5.1045697927474976e-01   4.8857602477073669e-01   1.0000000000000000e+00
   5.1547700166702271e-01   4.9294993281364441e-01   1.0000000000000000e+00
   5.2047395706176758e-01   4.9729138612747192e-01   1.0000000000000000e+00
   5.2550101280212402e-01   5.0164645910263062e-01   1.0000000000000000e+00
   5.3048801422119141e-01   5.0595432519912720e-01   1.0000000000000000e+00
   5.3551799058914185e-01   5.1028656959533691e-01   1.0000000000000000e+00
   5.4050201177597046e-01   5.1456648111343384e-01   1.0000000000000000e+00
   5.4553204774856567e-01   5.1887297630310059e-01   1.0000000000000000e+00
   5.5051898956298828e-01   5.2312958240509033e-01   1.0000000000000000e+00
   5.5556195974349976e-01   5.2742081880569458e-01   1.0000000000000000e+00
   5.6052696704864502e-01   5.3163260221481323e-01   1.0000000000000000e+00
   5.6554901599884033e-01   5.3587943315505981e-01   1.0000000000000000e+00
   5.7054096460342407e-01   5.4008740186691284e-01   1.0000000000000000e+00
   5.7557100057601929e-01   5.4431390762329102e-01   1.0000000000000000e+00
   5.8055603504180908e-01   5.4848897457122803e-01   1.0000000000000000e+00
   5.8558297157287598e-01   5.5268532037734985e-01   1.0000000000000000e+00
   5.9056997299194336e-01   5.5683451890945435e-01   1.0000000000000000e+00
   5.9555596113204956e-01   5.6096911430358887e-01   1.0000000000000000e+00
   6.0011094808578491e-01   5.6473404169082642e-01   1.0000000000000000e+00
   6.0513997077941895e-01   5.6887722015380859e-01   1.0000000000000000e+00
   6.1011803150177002e-01   5.7296419143676758e-01   1.0000000000000000e+00
   6.1510598659515381e-01   5.7704508304595947e-01   1.0000000000000000e+00
   6.2009799480438232e-01   5.8111488819122314e-01   1.0000000000000000e+00
   6.2508696317672729e-01   5.8516776561737061e-01   1.0000000000000000e+00
   6.3007098436355591e-01   5.8920210599899292e-01   1.0000000000000000e+00
   6.3505798578262329e-01   5.9322416782379150e-01   1.0000000000000000e+00
   6.4005100727081299e-01   5.9723633527755737e-01   1.0000000000000000e+00
   6.4503395557403564e-01   6.0122555494308472e-01   1.0000000000000000e+00
   6.5001797676086426e-01   6.0520070791244507e-01   1.0000000000000000e+00
   6.5500402450561523e-01   6.0916244983673096e-01   1.0000000000000000e+00
   6.6097795963287354e-01   6.1388915777206421e-01   1.0000000000000000e+00
   6.6599303483963013e-01   6.1784029006958008e-01   1.0000000000000000e+00
   6.7096394300460815e-01   6.2174123525619507e-01   1.0000000000000000e+00
   6.7594897747039795e-01   6.2563788890838623e-01   1.0000000000000000e+00
   6.8093597888946533e-01   6.2952053546905518e-01   1.0000000000000000e+00
   6.8592298030853271e-01   6.3338750600814819e-01   1.0000000000000000e+00
   6.9091004133224487e-01   6.3723880052566528e-01   1.0000000000000000e+00
   6.9589704275131226e-01   6.4107418060302734e-01   1.0000000000000000e+00
   7.0089399814605713e-01   6.4490121603012085e-01   1.0000000000000000e+00
   7.0586901903152466e-01   6.4869546890258789e-01   1.0000000000000000e+00
   7.1054399013519287e-01   6.5224623680114746e-01   1.0000000000000000e+00
   7.1556699275970459e-01   6.5604543685913086e-01   1.0000000000000000e+00
   7.2002398967742920e-01   6.5940272808074951e-01   1.0000000000000000e+00
   7.2501194477081299e-01   6.6314440965652466e-01   1.0000000000000000e+00
   7.3100996017456055e-01   6.6762191057205200e-01   1.0000000000000000e+00
   7.3598295450210571e-01   6.7131602764129639e-01   1.0000000000000000e+00
   7.4096995592117310e-01   6.7500388622283936e-01   1.0000000000000000e+00
   7.4595594406127930e-01   6.7867422103881836e-01   1.0000000000000000e+00
   7.5094300508499146e-01   6.8232846260070801e-01   1.0000000000000000e+00
   7.5593000650405884e-01   6.8596565723419189e-01   1.0000000000000000e+00
   7.6091700792312622e-01   6.8958586454391479e-01   1.0000000000000000e+00
   7.6590400934219360e-01   6.9318884611129761e-01   1.0000000000000000e+00
   7.7039605379104614e-01   6.9641953706741333e-01   1.0000000000000000e+00
   7.7593600749969482e-01   7.0038449764251709e-01   1.0000000000000000e+00
   7.8092199563980103e-01   7.0393455028533936e-01   1.0000000000000000e+00
   7.8590899705886841e-01   7.0746791362762451e-01   1.0000000000000000e+00
   7.9040104150772095e-01   7.1063548326492310e-01   1.0000000000000000e+00
   7.9596602916717529e-01   7.1453976631164551e-01   1.0000000000000000e+00
   8.0095899105072021e-01   7.1802389621734619e-01   1.0000000000000000e+00
   8.0593901872634888e-01   7.2148114442825317e-01   1.0000000000000000e+00
   8.1092602014541626e-01   7.2492533922195435e-01   1.0000000000000000e+00
   8.1591397523880005e-01   7.2835218906402588e-01   1.0000000000000000e+00
   8.2089996337890625e-01   7.3175948858261108e-01   1.0000000000000000e+00
   8.2588601112365723e-01   7.3514872789382935e-01   1.0000000000000000e+00
   8.3037799596786499e-01   7.3818641901016235e-01   1.0000000000000000e+00
   8.3591395616531372e-01   7.4190962314605713e-01   1.0000000000000000e+00
   8.4040498733520508e-01   7.4491339921951294e-01   1.0000000000000000e+00
   8.4596997499465942e-01   7.4861454963684082e-01   1.0000000000000000e+00
   8.5095602273941040e-01   7.5191104412078857e-01   1.0000000000000000e+00
   8.5594296455383301e-01   7.5518935918807983e-01   1.0000000000000000e+00
   8.6092996597290039e-01   7.5844895839691162e-01   1.0000000000000000e+00
   8.6591601371765137e-01   7.6168912649154663e-01   1.0000000000000000e+00
   8.7040901184082031e-01   7.6459258794784546e-01   1.0000000000000000e+00
   8.7596100568771362e-01   7.6815915107727051e-01   1.0000000000000000e+00
   8.8094794750213623e-01   7.7134251594543457e-01   1.0000000000000000e+00
   8.8593494892120361e-01   7.7450674772262573e-01   1.0000000000000000e+00
   8.9092099666595459e-01   7.7765113115310669e-01   1.0000000000000000e+00
   8.9590793848037720e-01   7.8077667951583862e-01   1.0000000000000000e+00
   9.0039998292922974e-01   7.8357547521591187e-01   1.0000000000000000e+00
   9.0595096349716187e-01   7.8701221942901611e-01   1.0000000000000000e+00
   9.1093796491622925e-01   7.9007905721664429e-01   1.0000000000000000e+00
   9.1592395305633545e-01   7.9312568902969360e-01   1.0000000000000000e+00
   9.2091095447540283e-01   7.9615318775177002e-01   1.0000000000000000e+00
   9.2589795589447021e-01   7.9916083812713623e-01   1.0000000000000000e+00
   9.3039000034332275e-01   8.0185306072235107e-01   1.0000000000000000e+00
   9.3592500686645508e-01   8.0514800548553467e-01   1.0000000000000000e+00
   9.4041597843170166e-01   8.0780339241027832e-01   1.0000000000000000e+00
   9.4595301151275635e-01   8.1105476617813110e-01   1.0000000000000000e+00
   9.5094001293182373e-01   8.1396192312240601e-01   1.0000000000000000e+00
   9.5592600107192993e-01   8.1684827804565430e-01   1.0000000000000000e+00
   9.6091395616531372e-01   8.1971538066864014e-01   1.0000000000000000e+00
   9.6590000391006470e-01   8.2256108522415161e-01   1.0000000000000000e+00
   9.7039300203323364e-01   8.2510781288146973e-01   1.0000000000000000e+00
   9.7593498229980469e-01   8.2822620868682861e-01   1.0000000000000000e+00
   9.8092103004455566e-01   8.3101004362106323e-01   1.0000000000000000e+00
   9.8590797185897827e-01   8.3377373218536377e-01   1.0000000000000000e+00
   9.9040102958679199e-01   8.3624595403671265e-01   1.0000000000000000e+00
   9.9596405029296875e-01   8.3928352594375610e-01   1.0000000000000000e+00
   1.0009509325027466e+00   8.4198439121246338e-01   1.0000000000000000e+00
   1.0059369802474976e+00   8.4466391801834106e-01   1.0000000000000000e+00
   1.0109239816665649e+00   8.4732294082641602e-01   1.0000000000000000e+00
   1.0159120559692383e+00   8.4996140003204346e-01   1.0000000000000000e+00
   1.0204030275344849e+00   8.5231888294219971e-01   1.0000000000000000e+00
   1.0259250402450562e+00   8.5519403219223022e-01   1.0000000000000000e+00
   1.0309109687805176e+00   8.5776764154434204e-01   1.0000000000000000e+00
   1.0359029769897461e+00   8.6032301187515259e-01   1.0000000000000000e+00
   1.0409530401229858e+00   8.6288630962371826e-01   1.0000000000000000e+00
   1.0459399223327637e+00   8.6539590358734131e-01   1.0000000000000000e+00
   1.0500229597091675e+00   8.6743462085723877e-01   1.0000000000000000e+00
   1.0559509992599487e+00   8.7036889791488647e-01   1.0000000000000000e+00
   1.0600270032882690e+00   8.7236869335174561e-01   1.0000000000000000e+00
   1.0659559965133667e+00   8.7525171041488647e-01   1.0000000000000000e+00
   1.0700490474700928e+00   8.7722402811050415e-01   1.0000000000000000e+00
   1.0759789943695068e+00   8.8005548715591431e-01   1.0000000000000000e+00
   1.0800579786300659e+00   8.8198512792587280e-01   1.0000000000000000e+00
   1.0859850645065308e+00   8.8476294279098511e-01   1.0000000000000000e+00
   1.0900920629501343e+00   8.8666951656341553e-01   1.0000000000000000e+00
   1.0951260328292847e+00   8.8898599147796631e-01   1.0000000000000000e+00
   1.1001039743423462e+00   8.9125454425811768e-01   1.0000000000000000e+00
   1.1051249504089355e+00   8.9352029561996460e-01   1.0000000000000000e+00
   1.1101130247116089e+00   8.9574891328811646e-01   1.0000000000000000e+00
   1.1151330471038818e+00   8.9796936511993408e-01   1.0000000000000000e+00
   1.1201289892196655e+00   9.0015661716461182e-01   1.0000000000000000e+00
   1.1251569986343384e+00   9.0233528614044189e-01   1.0000000000000000e+00
   1.1301389932632446e+00   9.0447145700454712e-01   1.0000000000000000e+00
   1.1351590156555176e+00   9.0660130977630615e-01   1.0000000000000000e+00
   1.1401540040969849e+00   9.0869778394699097e-01   1.0000000000000000e+00
   1.1451810598373413e+00   9.1078490018844604e-01   1.0000000000000000e+00
   1.1501660346984863e+00   9.1283172369003296e-01   1.0000000000000000e+00
   1.1551929712295532e+00   9.1487288475036621e-01   1.0000000000000000e+00
   1.1601799726486206e+00   9.1687494516372681e-01   1.0000000000000000e+00
   1.1652070283889771e+00   9.1887003183364868e-01   1.0000000000000000e+00
   1.1701949834823608e+00   9.2082667350769043e-01   1.0000000000000000e+00
   1.1752229928970337e+00   9.2277580499649048e-01   1.0000000000000000e+00
   1.1802051067352295e+00   9.2468410730361938e-01   1.0000000000000000e+00
   1.1852290630340576e+00   9.2658525705337524e-01   1.0000000000000000e+00
   1.1900939941406250e+00   9.2840391397476196e-01   1.0000000000000000e+00
   1.1951149702072144e+00   9.3025785684585571e-01   1.0000000000000000e+00
   1.2001110315322876e+00   9.3207931518554688e-01   1.0000000000000000e+00
   1.2051389217376709e+00   9.3388891220092773e-01   1.0000000000000000e+00
   1.2101259231567383e+00   9.3566042184829712e-01   1.0000000000000000e+00
   1.2151529788970947e+00   9.3742269277572632e-01   1.0000000000000000e+00
   1.2201379537582397e+00   9.3914675712585449e-01   1.0000000000000000e+00
   1.2251650094985962e+00   9.4086176156997681e-01   1.0000000000000000e+00
   1.2301518917083740e+00   9.4253957271575928e-01   1.0000000000000000e+00
   1.2351800203323364e+00   9.4420748949050903e-01   1.0000000000000000e+00
   1.2401610612869263e+00   9.4583630561828613e-01   1.0000000000000000e+00
   1.2451819181442261e+00   9.4745433330535889e-01   1.0000000000000000e+00
   1.2501780986785889e+00   9.4904077053070068e-01   1.0000000000000000e+00
   1.2552089691162109e+00   9.5061421394348145e-01   1.0000000000000000e+00
   1.2601920366287231e+00   9.5214903354644775e-01   1.0000000000000000e+00
   1.2652189731597900e+00   9.5367342233657837e-01   1.0000000000000000e+00
   1.2702069282531738e+00   9.5516216754913330e-01   1.0000000000000000e+00
   1.2752349376678467e+00   9.5663875341415405e-01   1.0000000000000000e+00
   1.2802230119705200e+00   9.5807975530624390e-01   1.0000000000000000e+00
   1.2852480411529541e+00   9.5950734615325928e-01   1.0000000000000000e+00
   1.2902320623397827e+00   9.6089935302734375e-01   1.0000000000000000e+00
   1.2952500581741333e+00   9.6227669715881348e-01   1.0000000000000000e+00
   1.3002079725265503e+00   9.6361380815505981e-01   1.0000000000000000e+00
   1.3052600622177124e+00   9.6495193243026733e-01   1.0000000000000000e+00
   1.3102439641952515e+00   9.6624785661697388e-01   1.0000000000000000e+00
   1.3152650594711304e+00   9.6752917766571045e-01   1.0000000000000000e+00
   1.3202580213546753e+00   9.6877908706665039e-01   1.0000000000000000e+00
   1.3252879381179810e+00   9.7001391649246216e-01   1.0000000000000000e+00
   1.3302719593048096e+00   9.7121322154998779e-01   1.0000000000000000e+00
   1.3352611064910889e+00   9.7238957881927490e-01   1.0000000000000000e+00
   1.3402839899063110e+00   9.7354948520660400e-01   1.0000000000000000e+00
   1.3453060388565063e+00   9.7468459606170654e-01   1.0000000000000000e+00
   1.3502609729766846e+00   9.7578048706054688e-01   1.0000000000000000e+00
   1.3554090261459351e+00   9.7689366340637207e-01   1.0000000000000000e+00
   1.3603910207748413e+00   9.7794634103775024e-01   1.0000000000000000e+00
   1.3654140233993530e+00   9.7898310422897339e-01   1.0000000000000000e+00
   1.3704049587249756e+00   9.7998875379562378e-01   1.0000000000000000e+00
   1.3754318952560425e+00   9.8097699880599976e-01   1.0000000000000000e+00
   1.3804199695587158e+00   9.8193311691284180e-01   1.0000000000000000e+00
   1.3854470252990723e+00   9.8287194967269897e-01   1.0000000000000000e+00
   1.3904290199279785e+00   9.8377788066864014e-01   1.0000000000000000e+00
   1.3954470157623291e+00   9.8466563224792480e-01   1.0000000000000000e+00
   1.4004429578781128e+00   9.8552489280700684e-01   1.0000000000000000e+00
   1.4054340124130249e+00   9.8635876178741455e-01   1.0000000000000000e+00
   1.4104520082473755e+00   9.8717236518859863e-01   1.0000000000000000e+00
   1.4154729843139648e+00   9.8796159029006958e-01   1.0000000000000000e+00
   1.4204618930816650e+00   9.8872107267379761e-01   1.0000000000000000e+00
   1.4254859685897827e+00   9.8946100473403931e-01   1.0000000000000000e+00
   1.4304760694503784e+00   9.9017125368118286e-01   1.0000000000000000e+00
   1.4355019330978394e+00   9.9086165428161621e-01   1.0000000000000000e+00
   1.4402929544448853e+00   9.9149650335311890e-01   1.0000000000000000e+00
   1.4453150033950806e+00   9.9213755130767822e-01   1.0000000000000000e+00
   1.4502699375152588e+00   9.9274545907974243e-01   1.0000000000000000e+00
   1.4552880525588989e+00   9.9333631992340088e-01   1.0000000000000000e+00
   1.4602810144424438e+00   9.9389940500259399e-01   1.0000000000000000e+00
   1.4652689695358276e+00   9.9443715810775757e-01   1.0000000000000000e+00
   1.4702489376068115e+00   9.9494934082031250e-01   1.0000000000000000e+00
   1.4752020835876465e+00   9.9543434381484985e-01   1.0000000000000000e+00
   1.4802169799804688e+00   9.9590051174163818e-01   1.0000000000000000e+00
   1.4852070808410645e+00   9.9633949995040894e-01   1.0000000000000000e+00
   1.4901620149612427e+00   9.9675083160400391e-01   1.0000000000000000e+00
   1.4951810836791992e+00   9.9714255332946777e-01   1.0000000000000000e+00
   1.5001469850540161e+00   9.9750536680221558e-01   1.0000000000000000e+00
   1.5051559209823608e+00   9.9784642457962036e-01   1.0000000000000000e+00
   1.5101380348205566e+00   9.9816083908081055e-01   1.0000000000000000e+00
   1.5151300430297852e+00   9.9845105409622192e-01   1.0000000000000000e+00
   1.5201140642166138e+00   9.9871593713760376e-01   1.0000000000000000e+00
   1.5251010656356812e+00   9.9895614385604858e-01   1.0000000000000000e+00
   1.5300939083099365e+00   9.9917179346084595e-01   1.0000000000000000e+00
   1.5350799560546875e+00   9.9936223030090332e-01   1.0000000000000000e+00
   1.5400669574737549e+00   9.9952787160873413e-01   1.0000000000000000e+00
   1.5450539588928223e+00   9.9966865777969360e-01   1.0000000000000000e+00
   1.5500029325485229e+00   9.9978381395339966e-01   1.0000000000000000e+00
   1.5550229549407959e+00   9.9987560510635376e-01   1.0000000000000000e+00
   1.5600149631500244e+00   9.9994188547134399e-01   1.0000000000000000e+00
   1.5650010108947754e+00   9.9998319149017334e-01   1.0000000000000000e+00
   1.5709849596023560e+00   1.0000000000000000e+00   1.0000000000000000e+00
   1.5759708881378174e+00   9.9998658895492554e-01   1.0000000000000000e+00
   1.5809589624404907e+00   9.9994838237762451e-01   1.0000000000000000e+00
   1.5859440565109253e+00   9.9988526105880737e-01   1.0000000000000000e+00
   1.5909399986267090e+00   9.9979710578918457e-01   1.0000000000000000e+00
   1.5959179401397705e+00   9.9968445301055908e-01   1.0000000000000000e+00
   1.6009119749069214e+00   9.9954658746719360e-01   1.0000000000000000e+00
   1.6058880090713501e+00   9.9938434362411499e-01   1.0000000000000000e+00
   1.6108800172805786e+00   9.9919676780700684e-01   1.0000000000000000e+00
   1.6158659458160400e+00   9.9898451566696167e-01   1.0000000000000000e+00
   1.6208519935607910e+00   9.9874746799468994e-01   1.0000000000000000e+00
   1.6258389949798584e+00   9.9848550558090210e-01   1.0000000000000000e+00
   1.6308199167251587e+00   9.9819910526275635e-01   1.0000000000000000e+00
   1.6358470916748047e+00   9.9788492918014526e-01   1.0000000000000000e+00
   1.6408309936523438e+00   9.9754858016967773e-01   1.0000000000000000e+00
   1.6458590030670166e+00   9.9718409776687622e-01   1.0000000000000000e+00
   1.6504130363464355e+00   9.9683225154876709e-01   1.0000000000000000e+00
   1.6554419994354248e+00   9.9641966819763184e-01   1.0000000000000000e+00
   1.6604280471801758e+00   9.9598574638366699e-01   1.0000000000000000e+00
   1.6654180288314819e+00   9.9552673101425171e-01   1.0000000000000000e+00
   1.6703979969024658e+00   9.9504387378692627e-01   1.0000000000000000e+00
   1.6753900051116943e+00   9.9453508853912354e-01   1.0000000000000000e+00
   1.6803740262985229e+00   9.9400234222412109e-01   1.0000000000000000e+00
   1.6853610277175903e+00   9.9344462156295776e-01   1.0000000000000000e+00
   1.6903480291366577e+00   9.9286222457885742e-01   1.0000000000000000e+00
   1.6953350305557251e+00   9.9225509166717529e-01   1.0000000000000000e+00
   1.7002850770950317e+00   9.9162805080413818e-01   1.0000000000000000e+00
   1.7053080797195435e+00   9.9096691608428955e-01   1.0000000000000000e+00
   1.7102929353713989e+00   9.9028611183166504e-01   1.0000000000000000e+00
   1.7152839899063110e+00   9.8957979679107666e-01   1.0000000000000000e+00
   1.7202129364013672e+00   9.8885810375213623e-01   1.0000000000000000e+00
   1.7251989841461182e+00   9.8810356855392456e-01   1.0000000000000000e+00
   1.7301859855651855e+00   9.8732435703277588e-01   1.0000000000000000e+00
   1.7351729869842529e+00   9.8652052879333496e-01   1.0000000000000000e+00
   1.7401590347290039e+00   9.8569238185882568e-01   1.0000000000000000e+00
   1.7451460361480713e+00   9.8483955860137939e-01   1.0000000000000000e+00
   1.7501499652862549e+00   9.8395919799804688e-01   1.0000000000000000e+00
   1.7551189661026001e+00   9.8306059837341309e-01   1.0000000000000000e+00
   1.7601059675216675e+00   9.8213440179824829e-01   1.0000000000000000e+00
   1.7650929689407349e+00   9.8118370771408081e-01   1.0000000000000000e+00
   1.7700790166854858e+00   9.8020881414413452e-01   1.0000000000000000e+00
   1.7750660181045532e+00   9.7920936346054077e-01   1.0000000000000000e+00
   1.7800530195236206e+00   9.7818559408187866e-01   1.0000000000000000e+00
   1.7850389480590820e+00   9.7713768482208252e-01   1.0000000000000000e+00
   1.7900259494781494e+00   9.7606527805328369e-01   1.0000000000000000e+00
   1.7950129508972168e+00   9.7496861219406128e-01   1.0000000000000000e+00
   1.8010059595108032e+00   9.7361856698989868e-01   1.0000000000000000e+00
   1.8059829473495483e+00   9.7247087955474854e-01   1.0000000000000000e+00
   1.8109699487686157e+00   9.7129666805267334e-01   1.0000000000000000e+00
   1.8159569501876831e+00   9.7009837627410889e-01   1.0000000000000000e+00
   1.8209429979324341e+00   9.6887612342834473e-01   1.0000000000000000e+00
   1.8259299993515015e+00   9.6762955188751221e-01   1.0000000000000000e+00
   1.8309170007705688e+00   9.6635895967483521e-01   1.0000000000000000e+00
   1.8359029293060303e+00   9.6506458520889282e-01   1.0000000000000000e+00
   1.8408899307250977e+00   9.6374595165252686e-01   1.0000000000000000e+00
   1.8458770513534546e+00   9.6240329742431641e-01   1.0000000000000000e+00
   1.8508650064468384e+00   9.6103644371032715e-01   1.0000000000000000e+00
   1.8558499813079834e+00   9.5964658260345459e-01   1.0000000000000000e+00
   1.8608369827270508e+00   9.5823222398757935e-01   1.0000000000000000e+00
   1.8658239841461182e+00   9.5679408311843872e-01   1.0000000000000000e+00
   1.8708100318908691e+00   9.5533245801925659e-01   1.0000000000000000e+00
   1.8757970333099365e+00   9.5384675264358521e-01   1.0000000000000000e+00
   1.8807960748672485e+00   9.5233362913131714e-01   1.0000000000000000e+00
   1.8857699632644653e+00   9.5080453157424927e-01   1.0000000000000000e+00
   1.8907569646835327e+00   9.4924777746200562e-01   1.0000000000000000e+00
   1.8957439661026001e+00   9.4766741991043091e-01   1.0000000000000000e+00
   1.9007309675216675e+00   9.4606351852416992e-01   1.0000000000000000e+00
   1.9057170152664185e+00   9.4443637132644653e-01   1.0000000000000000e+00
   1.9107040166854858e+00   9.4278544187545776e-01   1.0000000000000000e+00
   1.9156899452209473e+00   9.4111144542694092e-01   1.0000000000000000e+00
   1.9206769466400146e+00   9.3941366672515869e-01   1.0000000000000000e+00
   1.9256639480590820e+00   9.3769252300262451e-01   1.0000000000000000e+00
   1.9306499958038330e+00   9.3594837188720703e-01   1.0000000000000000e+00
   1.9356369972229004e+00   9.3418061733245850e-01   1.0000000000000000e+00
   1.9406239986419678e+00   9.3238967657089233e-01   1.0000000000000000e+00
   1.9456099271774292e+00   9.3057590723037720e-01   1.0000000000000000e+00
   1.9505980014801025e+00   9.2873817682266235e-01   1.0000000000000000e+00
   1.9555840492248535e+00   9.2687815427780151e-01   1.0000000000000000e+00
   1.9605699777603149e+00   9.2499506473541260e-01   1.0000000000000000e+00
   1.9655569791793823e+00   9.2308866977691650e-01   1.0000000000000000e+00
   1.9705439805984497e+00   9.2115920782089233e-01   1.0000000000000000e+00
   1.9755300283432007e+00   9.1920727491378784e-01   1.0000000000000000e+00
   1.9805170297622681e+00   9.1723209619522095e-01   1.0000000000000000e+00
   1.9855040311813354e+00   9.1523414850234985e-01   1.0000000000000000e+00
   1.9904899597167969e+00   9.1321384906768799e-01   1.0000000000000000e+00
   1.9954769611358643e+00   9.1117036342620850e-01   1.0000000000000000e+00
   2.0004639625549316e+00   9.0910422801971436e-01   1.0000000000000000e+00
   2.0054500102996826e+00   9.0701591968536377e-01   1.0000000000000000e+00
   2.0104370117187500e+00   9.0490466356277466e-01   1.0000000000000000e+00
   2.0154240131378174e+00   9.0277087688446045e-01   1.0000000000000000e+00
   2.0204110145568848e+00   9.0061461925506592e-01   1.0000000000000000e+00
   2.0253970623016357e+00   8.9843642711639404e-01   1.0000000000000000e+00
   2.0303840637207031e+00   8.9623546600341797e-01   1.0000000000000000e+00
   2.0353698730468750e+00   8.9401268959045410e-01   1.0000000000000000e+00
   2.0403568744659424e+00   8.9176720380783081e-01   1.0000000000000000e+00
   2.0453441143035889e+00   8.8949942588806152e-01   1.0000000000000000e+00
   2.0503311157226562e+00   8.8720965385437012e-01   1.0000000000000000e+00
   2.0553169250488281e+00   8.8489836454391479e-01   1.0000000000000000e+00
   2.0603039264678955e+00   8.8256448507308960e-01   1.0000000000000000e+00
   2.0652909278869629e+00   8.8020867109298706e-01   1.0000000000000000e+00
   2.0702769756317139e+00   8.7783145904541016e-01   1.0000000000000000e+00
   2.0752639770507812e+00   8.7543189525604248e-01   1.0000000000000000e+00
   2.0802509784698486e+00   8.7301057577133179e-01   1.0000000000000000e+00
   2.0852370262145996e+00   8.7056803703308105e-01   1.0000000000000000e+00
   2.0902240276336670e+00   8.6810338497161865e-01   1.0000000000000000e+00
   2.0952110290527344e+00   8.6561715602874756e-01   1.0000000000000000e+00
   2.1001970767974854e+00   8.6310982704162598e-01   1.0000000000000000e+00
   2.1051900386810303e+00   8.6057758331298828e-01   1.0000000000000000e+00
   2.1101710796356201e+00   8.5802996158599854e-01   1.0000000000000000e+00
   2.1151568889617920e+00   8.5545861721038818e-01   1.0000000000000000e+00
   2.1201438903808594e+00   8.5286533832550049e-01   1.0000000000000000e+00
   2.1251308917999268e+00   8.5025089979171753e-01   1.0000000000000000e+00
   2.1301169395446777e+00   8.4761577844619751e-01   1.0000000000000000e+00
   2.1351039409637451e+00   8.4495913982391357e-01   1.0000000000000000e+00
   2.1400909423828125e+00   8.4228140115737915e-01   1.0000000000000000e+00
   2.1450769901275635e+00   8.3958327770233154e-01   1.0000000000000000e+00
   2.1500642299652100e+00   8.3686363697052002e-01   1.0000000000000000e+00
   2.1550631523132324e+00   8.3411669731140137e-01   1.0000000000000000e+00
   2.1600370407104492e+00   8.3136290311813354e-01   1.0000000000000000e+00
   2.1650240421295166e+00   8.2858109474182129e-01   1.0000000000000000e+00
   2.1700108051300049e+00   8.2577890157699585e-01   1.0000000000000000e+00
   2.1759948730468750e+00   8.2238918542861938e-01   1.0000000000000000e+00
   2.1809918880462646e+00   8.1953597068786621e-01   1.0000000000000000e+00
   2.1859681606292725e+00   8.1667429208755493e-01   1.0000000000000000e+00
   2.1909549236297607e+00   8.1378626823425293e-01   1.0000000000000000e+00
   2.1959412097930908e+00   8.1087833642959595e-01   1.0000000000000000e+00
   2.2009279727935791e+00   8.0794996023178101e-01   1.0000000000000000e+00
   2.2059159278869629e+00   8.0500072240829468e-01   1.0000000000000000e+00
   2.2104070186614990e+00   8.0232816934585571e-01   1.0000000000000000e+00
   2.2159841060638428e+00   7.9898685216903687e-01   1.0000000000000000e+00
   2.2209711074829102e+00   7.9597800970077515e-01   1.0000000000000000e+00
   2.2259571552276611e+00   7.9294997453689575e-01   1.0000000000000000e+00
   2.2309439182281494e+00   7.8990173339843750e-01   1.0000000000000000e+00
   2.2359309196472168e+00   7.8683370351791382e-01   1.0000000000000000e+00
   2.2409360408782959e+00   7.8373491764068604e-01   1.0000000000000000e+00
   2.2459039688110352e+00   7.8063970804214478e-01   1.0000000000000000e+00
   2.2503979206085205e+00   7.7782315015792847e-01   1.0000000000000000e+00
   2.2559330463409424e+00   7.7433252334594727e-01   1.0000000000000000e+00
   2.2609190940856934e+00   7.7116787433624268e-01   1.0000000000000000e+00
   2.2659058570861816e+00   7.6798355579376221e-01   1.0000000000000000e+00
   2.2703979015350342e+00   7.6509881019592285e-01   1.0000000000000000e+00
   2.2759308815002441e+00   7.6152431964874268e-01   1.0000000000000000e+00
   2.2809181213378906e+00   7.5828248262405396e-01   1.0000000000000000e+00
   2.2859039306640625e+00   7.5502270460128784e-01   1.0000000000000000e+00
   2.2908909320831299e+00   7.5174331665039062e-01   1.0000000000000000e+00
   2.2958779335021973e+00   7.4844533205032349e-01   1.0000000000000000e+00
   2.3003699779510498e+00   7.4545866250991821e-01   1.0000000000000000e+00
   2.3059031963348389e+00   7.4175906181335449e-01   1.0000000000000000e+00
   2.3103959560394287e+00   7.3873847723007202e-01   1.0000000000000000e+00
   2.3159589767456055e+00   7.3497760295867920e-01   1.0000000000000000e+00
   2.3209459781646729e+00   7.3158687353134155e-01   1.0000000000000000e+00
   2.3259329795837402e+00   7.2817790508270264e-01   1.0000000000000000e+00
   2.3309190273284912e+00   7.2475147247314453e-01   1.0000000000000000e+00
   2.3359060287475586e+00   7.2130638360977173e-01   1.0000000000000000e+00
   2.3403980731964111e+00   7.1818786859512329e-01   1.0000000000000000e+00
   2.3459289073944092e+00   7.1432822942733765e-01   1.0000000000000000e+00
   2.3509149551391602e+00   7.1083009243011475e-01   1.0000000000000000e+00
   2.3559019565582275e+00   7.0731359720230103e-01   1.0000000000000000e+00
   2.3603961467742920e+00   7.0412951707839966e-01   1.0000000000000000e+00
   2.3659598827362061e+00   7.0016801357269287e-01   1.0000000000000000e+00
   2.3709471225738525e+00   6.9659852981567383e-01   1.0000000000000000e+00
   2.3759329319000244e+00   6.9301277399063110e-01   1.0000000000000000e+00
   2.3809201717376709e+00   6.8940871953964233e-01   1.0000000000000000e+00
   2.3859069347381592e+00   6.8578791618347168e-01   1.0000000000000000e+00
   2.3903989791870117e+00   6.8251168727874756e-01   1.0000000000000000e+00
   2.3959629535675049e+00   6.7843455076217651e-01   1.0000000000000000e+00
   2.4009499549865723e+00   6.7476236820220947e-01   1.0000000000000000e+00
   2.4059369564056396e+00   6.7107343673706055e-01   1.0000000000000000e+00
   2.4104430675506592e+00   6.6772586107254028e-01   1.0000000000000000e+00
   2.4159801006317139e+00   6.6359382867813110e-01   1.0000000000000000e+00
   2.4209659099578857e+00   6.5985572338104248e-01   1.0000000000000000e+00
   2.4259529113769531e+00   6.5610033273696899e-01   1.0000000000000000e+00
   2.4309399127960205e+00   6.5232867002487183e-01   1.0000000000000000e+00
   2.4359259605407715e+00   6.4854145050048828e-01   1.0000000000000000e+00
   2.4409129619598389e+00   6.4473742246627808e-01   1.0000000000000000e+00
   2.4458999633789062e+00   6.4091730117797852e-01   1.0000000000000000e+00
   2.4504058361053467e+00   6.3745206594467163e-01   1.0000000000000000e+00
   2.4559390544891357e+00   6.3317900896072388e-01   1.0000000000000000e+00
   2.4609358310699463e+00   6.2930363416671753e-01   1.0000000000000000e+00
   2.4659130573272705e+00   6.2542772293090820e-01   1.0000000000000000e+00
   2.4704058170318604e+00   6.2191581726074219e-01   1.0000000000000000e+00
   2.4759418964385986e+00   6.1757111549377441e-01   1.0000000000000000e+00
   2.4804310798645020e+00   6.1403405666351318e-01   1.0000000000000000e+00
   2.4859588146209717e+00   6.0966175794601440e-01   1.0000000000000000e+00
   2.4909608364105225e+00   6.0568928718566895e-01   1.0000000000000000e+00
   2.4959318637847900e+00   6.0172635316848755e-01   1.0000000000000000e+00
   2.5009191036224365e+00   5.9773558378219604e-01   1.0000000000000000e+00
   2.5059049129486084e+00   5.9373104572296143e-01   1.0000000000000000e+00
   2.5103969573974609e+00   5.9011048078536987e-01   1.0000000000000000e+00
   2.5159249305725098e+00   5.8563864231109619e-01   1.0000000000000000e+00
   2.5204181671142578e+00   5.8199065923690796e-01   1.0000000000000000e+00
   2.5259468555450439e+00   5.7748585939407349e-01   1.0000000000000000e+00
   2.5304388999938965e+00   5.7381272315979004e-01   1.0000000000000000e+00
   2.5359721183776855e+00   5.6927233934402466e-01   1.0000000000000000e+00
   2.5409579277038574e+00   5.6516623497009277e-01   1.0000000000000000e+00
   2.5459451675415039e+00   5.6104487180709839e-01   1.0000000000000000e+00
   2.5509319305419922e+00   5.5690991878509521e-01   1.0000000000000000e+00
   2.5559179782867432e+00   5.5276173353195190e-01   1.0000000000000000e+00
   2.5604100227355957e+00   5.4901278018951416e-01   1.0000000000000000e+00
   2.5659730434417725e+00   5.4435467720031738e-01   1.0000000000000000e+00
   2.5709619522094727e+00   5.4016292095184326e-01   1.0000000000000000e+00
   2.5759460926055908e+00   5.3596180677413940e-01   1.0000000000000000e+00
   2.5804378986358643e+00   5.3216421604156494e-01   1.0000000000000000e+00
   2.5859708786010742e+00   5.2747166156768799e-01   1.0000000000000000e+00
   2.5909581184387207e+00   5.2322810888290405e-01   1.0000000000000000e+00
   2.5959439277648926e+00   5.1897269487380981e-01   1.0000000000000000e+00
   2.6009311676025391e+00   5.1470321416854858e-01   1.0000000000000000e+00
   2.6059179306030273e+00   5.1042139530181885e-01   1.0000000000000000e+00
   2.6104099750518799e+00   5.0655341148376465e-01   1.0000000000000000e+00
   2.6159670352935791e+00   5.0175428390502930e-01   1.0000000000000000e+00
   2.6209540367126465e+00   4.9743422865867615e-01   1.0000000000000000e+00
   2.6259400844573975e+00   4.9310266971588135e-01   1.0000000000000000e+00
   2.6304318904876709e+00   4.8918995261192322e-01   1.0000000000000000e+00
   2.6359648704528809e+00   4.8435676097869873e-01   1.0000000000000000e+00
   2.6409621238708496e+00   4.7997879981994629e-01   1.0000000000000000e+00
   2.6459379196166992e+00   4.7560769319534302e-01   1.0000000000000000e+00
   2.6509251594543457e+00   4.7121474146842957e-01   1.0000000000000000e+00
   2.6559109687805176e+00   4.6681132912635803e-01   1.0000000000000000e+00
   2.6604030132293701e+00   4.6283406019210815e-01   1.0000000000000000e+00
   2.6659669876098633e+00   4.5789477229118347e-01   1.0000000000000000e+00
   2.6709530353546143e+00   4.5345646142959595e-01   1.0000000000000000e+00
   2.6759390830993652e+00   4.4900688529014587e-01   1.0000000000000000e+00
   2.6809258460998535e+00   4.4454550743103027e-01   1.0000000000000000e+00
   2.6859121322631836e+00   4.4007349014282227e-01   1.0000000000000000e+00
   2.6904051303863525e+00   4.3603453040122986e-01   1.0000000000000000e+00
   2.6959412097930908e+00   4.3104580044746399e-01   1.0000000000000000e+00
   2.7009279727935791e+00   4.2654073238372803e-01   1.0000000000000000e+00
   2.7059140205383301e+00   4.2202574014663696e-01   1.0000000000000000e+00
   2.7104058265686035e+00   4.1794928908348083e-01   1.0000000000000000e+00
   2.7159469127655029e+00   4.1290900111198425e-01   1.0000000000000000e+00
   2.7200551033020020e+00   4.0916389226913452e-01   1.0000000000000000e+00
   2.7259850502014160e+00   4.0374588966369629e-01   1.0000000000000000e+00
   2.7300729751586914e+00   4.0000259876251221e-01   1.0000000000000000e+00
   2.7359960079193115e+00   3.9456707239151001e-01   1.0000000000000000e+00
   2.7400779724121094e+00   3.9081302285194397e-01   1.0000000000000000e+00
   2.7450020313262939e+00   3.8627582788467407e-01   1.0000000000000000e+00
   2.7500081062316895e+00   3.8165348768234253e-01   1.0000000000000000e+00
   2.7550411224365234e+00   3.7699663639068604e-01   1.0000000000000000e+00
   2.7600169181823730e+00   3.7238332629203796e-01   1.0000000000000000e+00
   2.7650392055511475e+00   3.6771759390830994e-01   1.0000000000000000e+00
   2.7700259685516357e+00   3.6307564377784729e-01   1.0000000000000000e+00
   2.7750468254089355e+00   3.5839286446571350e-01   1.0000000000000000e+00
   2.7800440788269043e+00   3.5372310876846313e-01   1.0000000000000000e+00
   2.7850689888000488e+00   3.4901863336563110e-01   1.0000000000000000e+00
   2.7900478839874268e+00   3.4434852004051208e-01   1.0000000000000000e+00
   2.7950479984283447e+00   3.3964991569519043e-01   1.0000000000000000e+00
   2.8000431060791016e+00   3.3494752645492554e-01   1.0000000000000000e+00
   2.8050689697265625e+00   3.3020776510238647e-01   1.0000000000000000e+00
   2.8100569248199463e+00   3.2549551129341125e-01   1.0000000000000000e+00
   2.8150851726531982e+00   3.2073697447776794e-01   1.0000000000000000e+00
